109987.0,3.6038408279418945,102.54871411260183,-91.81365785746038,8.096483284753333,35.54957962036133,92.72077178955078,90.25485229492188,-12.394908905029297,-9.78316593170166,-5.188050746917725,101.4920425415039,95.76133728027344,108.93061828613281,85.99604797363281,91.79058074951172,27.957929611206055,61.314720153808594,87.75394439697266,9.478597640991211,42.79619216918945,88.2258529663086,10.275603294372559,14.101519584655762,81.08666229248047,22.427669525146484,180.00000711006123,180.00000711006123,180.00000711006123,0.0,0.0,0.0,0.0,0.0,0.0,0.0,0.0,0.0,0.0,0.0,0.0,0.0,0.0,0.0,0.0,0.0,0.0,0.0,0.0,0.0,1.0
109988.0,3.6121578216552734,103.56399442381871,-91.90459499713143,7.847814877190729,35.253841400146484,92.58560943603516,89.90776062011719,-18.010839462280273,-11.218321800231934,-14.350750923156738,101.14425659179688,95.3449935913086,108.89014434814453,85.84138488769531,91.36669921875,27.76265525817871,61.32408142089844,87.42740631103516,9.241238594055176,42.84732437133789,87.84376525878906,10.021110534667969,14.170217514038086,80.83316040039062,22.060956954956055,180.00000711006123,180.00000711006123,180.00000711006123,0.0,0.0,0.0,0.0,0.0,0.0,0.0,0.0,0.0,0.0,0.0,0.0,0.0,0.0,0.0,0.0,0.0,0.0,0.0,0.0,0.0,1.0
109989.0,3.620316982269287,104.64567100473232,-92.01739557259089,7.676588862888991,35.499053955078125,92.64715576171875,90.03433990478516,-5.56831169128418,-6.247912883758545,-6.533998012542725,101.48785400390625,95.23439025878906,108.69835662841797,85.66521453857422,91.07540893554688,27.592384338378906,61.166419982910156,87.19729614257812,9.256918907165527,42.72687530517578,87.61723327636719,10.162064552307129,14.137714385986328,80.6861343383789,22.366182327270508,180.00000711006123,180.00000711006123,180.00000711006123,0.0,0.0,0.0,0.0,0.0,0.0,0.0,0.0,0.0,0.0,0.0,0.0,0.0,0.0,0.0,0.0,0.0,0.0,0.0,0.0,0.0,1.0
109990.0,3.629271984100342,104.89744544085625,-92.05556267011843,7.683675184235597,35.5840950012207,92.57273864746094,90.10354614257812,-1.4320669174194336,-6.777428150177002,-2.611588716506958,101.61534881591797,95.17729187011719,108.63540649414062,85.49990844726562,90.86539459228516,27.50419807434082,61.08843994140625,87.05660247802734,9.276642799377441,42.66426467895508,87.42986297607422,10.248000144958496,14.107029914855957,80.5165786743164,22.51399040222168,180.00000711006123,180.00000711006123,180.00000711006123,0.0,0.0,0.0,0.0,0.0,0.0,0.0,0.0,0.0,0.0,0.0,0.0,0.0,0.0,0.0,0.0,0.0,0.0,0.0,0.0,0.0,1.0
109991.0,3.6383159160614014,104.99681103406147,-92.0852466725978,7.739990948373361,35.59645080566406,92.49168395996094,90.1274185180664,-0.6615175604820251,-7.387173175811768,-1.165692925453186,101.65506744384766,95.1869125366211,108.71491241455078,85.38687896728516,90.7109603881836,27.465166091918945,61.07120132446289,86.95909881591797,9.290617942810059,42.66356658935547,87.2790756225586,10.29716968536377,14.151692390441895,80.32808685302734,22.5828914642334,180.00000711006123,180.00000711006123,180.00000711006123,0.0,0.0,0.0,0.0,0.0,0.0,0.0,0.0,0.0,0.0,0.0,0.0,0.0,0.0,0.0,0.0,0.0,0.0,0.0,0.0,0.0,1.0
109992.0,3.6475110054016113,105.36290234765829,-92.12974535555986,7.708321922143284,35.625797271728516,92.50225830078125,90.12062072753906,0.4155135154724121,-5.025036334991455,-1.0510168075561523,101.75814056396484,95.21416473388672,108.92927551269531,85.31301879882812,90.57666015625,27.40949249267578,61.07633972167969,86.8941421508789,9.280034065246582,42.67119598388672,87.19013977050781,10.3120698928833,14.203455924987793,80.25164794921875,22.618358612060547,180.00000711006123,180.00000711006123,180.00000711006123,0.0,0.0,0.0,0.0,0.0,0.0,0.0,0.0,0.0,0.0,0.0,0.0,0.0,0.0,0.0,0.0,0.0,0.0,0.0,0.0,0.0,1.0
109993.0,3.657054901123047,105.5862905172603,-92.15201177251402,7.6722021738433455,35.6264533996582,92.47335052490234,90.09866333007812,0.32131513953208923,-4.524827003479004,-1.4316855669021606,101.77503967285156,95.13553619384766,108.97281646728516,85.26089477539062,90.4639892578125,27.363037109375,61.08719253540039,86.82289123535156,9.261748313903809,42.696720123291016,87.07471466064453,10.326881408691406,14.247292518615723,80.16814422607422,22.627151489257812,180.00000711006123,180.00000711006123,180.00000711006123,0.0,0.0,0.0,0.0,0.0,0.0,0.0,0.0,0.0,0.0,0.0,0.0,0.0,0.0,0.0,0.0,0.0,0.0,0.0,0.0,0.0,1.0
109994.0,3.667235851287842,106.00110157077552,-92.1643402641098,7.5077406082198195,35.45591735839844,92.307861328125,89.94551849365234,-4.965346813201904,-8.32005500793457,-5.7042388916015625,101.56482696533203,94.77426147460938,108.96612548828125,85.19758605957031,90.15153503417969,27.306726455688477,61.09973907470703,86.5981674194336,9.168194770812988,42.7330322265625,86.828125,10.233220100402832,14.284866333007812,79.99210357666016,22.462772369384766,180.00000711006123,180.00000711006123,180.00000711006123,0.0,0.0,0.0,0.0,0.0,0.0,0.0,0.0,0.0,0.0,0.0,0.0,0.0,0.0,0.0,0.0,0.0,0.0,0.0,0.0,0.0,1.0
109995.0,3.6771068572998047,106.65333683280096,-92.24439008211675,7.464453430075935,35.42085647583008,92.34048461914062,90.01016235351562,-4.666171073913574,-5.032618999481201,-2.161451816558838,101.56184387207031,94.84368896484375,109.27503967285156,85.15314483642578,90.0274429321289,27.385482788085938,61.112464904785156,86.51206970214844,9.255331039428711,42.74736785888672,86.73767852783203,10.321893692016602,14.346928596496582,79.90005493164062,22.559539794921875,180.00000711006123,180.00000711006123,180.00000711006123,0.0,0.0,0.0,0.0,0.0,0.0,0.0,0.0,0.0,0.0,0.0,0.0,0.0,0.0,0.0,0.0,0.0,0.0,0.0,0.0,0.0,1.0
109996.0,3.686945915222168,107.26769186524734,-92.31914650345516,7.423011256803136,35.38748550415039,92.36659240722656,90.04229736328125,-4.401639461517334,-2.8531014919281006,-0.5872483253479004,101.58029174804688,94.95936584472656,109.64617156982422,85.12789154052734,89.9161376953125,27.44043731689453,61.126564025878906,86.42169952392578,9.31091022491455,42.76620864868164,86.64000701904297,10.379633903503418,14.432731628417969,79.77835083007812,22.630813598632812,180.00000711006123,180.00000711006123,180.00000711006123,0.0,0.0,0.0,0.0,0.0,0.0,0.0,0.0,0.0,0.0,0.0,0.0,0.0,0.0,0.0,0.0,0.0,0.0,0.0,0.0,0.0,1.0
109997.0,3.6962718963623047,107.60443385563804,-92.35407609127833,7.382061710929975,35.385257720947266,92.38023376464844,90.03974151611328,-3.2545955181121826,-1.649850845336914,-0.502970814704895,101.66522979736328,95.04557037353516,109.97368621826172,85.11276245117188,89.85242462158203,27.438173294067383,61.13837432861328,86.37252807617188,9.317070960998535,42.787872314453125,86.56746673583984,10.40369987487793,14.517728805541992,79.65834045410156,22.674110412597656,180.00000711006123,180.00000711006123,180.00000711006123,0.0,0.0,0.0,0.0,0.0,0.0,0.0,0.0,0.0,0.0,0.0,0.0,0.0,0.0,0.0,0.0,0.0,0.0,0.0,0.0,0.0,1.0
109998.0,3.7052290439605713,107.88031202962429,-92.37983956512835,7.340610999920614,35.383426666259766,92.38932800292969,90.03971862792969,-2.4110825061798096,-0.9167691469192505,-0.36470285058021545,101.74889373779297,95.1518325805664,110.32562255859375,85.10123443603516,89.8003158569336,27.439403533935547,61.15467834472656,86.35743713378906,9.321494102478027,42.80025100708008,86.49268341064453,10.428122520446777,14.596466064453125,79.53257751464844,22.720186233520508,180.00000711006123,180.00000711006123,180.00000711006123,0.0,0.0,0.0,0.0,0.0,0.0,0.0,0.0,0.0,0.0,0.0,0.0,0.0,0.0,0.0,0.0,0.0,0.0,0.0,0.0,0.0,1.0
109999.0,3.7143609523773193,108.79698489864268,-92.4863768570458,7.270254928006352,35.402381896972656,92.44721221923828,90.02694702148438,-1.1683484315872192,1.1008542776107788,-0.6533730030059814,101.9386978149414,95.40837097167969,110.85430908203125,85.12966918945312,89.67890167236328,27.44783592224121,61.21025085449219,86.25985717773438,9.329659461975098,42.84820556640625,86.3481674194336,10.44902515411377,14.647082328796387,79.45899963378906,22.73712158203125,180.00000711006123,180.00000711006123,180.00000711006123,0.0,0.0,0.0,0.0,0.0,0.0,0.0,0.0,0.0,0.0,0.0,0.0,0.0,0.0,0.0,0.0,0.0,0.0,0.0,0.0,0.0,1.0
110000.0,3.7233200073242188,109.57674662415002,-92.56566852404603,7.181484665874791,35.43962097167969,92.49658203125,90.03186798095703,0.28863951563835144,2.3047590255737305,-0.323993980884552,102.1757583618164,95.65817260742188,111.41365051269531,85.17691040039062,89.57089233398438,27.471824645996094,61.280723571777344,86.18682861328125,9.351778030395508,42.90729904174805,86.23828887939453,10.482139587402344,14.698869705200195,79.42704772949219,22.760887145996094,180.00000711006123,180.00000711006123,180.00000711006123,0.0,0.0,0.0,0.0,0.0,0.0,0.0,0.0,0.0,0.0,0.0,0.0,0.0,0.0,0.0,0.0,0.0,0.0,0.0,0.0,0.0,1.0
110001.0,3.7332348823547363,110.35398117963496,-92.63048702002607,7.059630674564801,35.438472747802734,92.49358367919922,89.94171905517578,0.17390447854995728,1.5765517950057983,-2.9818739891052246,102.19618225097656,95.60130310058594,111.5846176147461,85.25989532470703,89.42440032958984,27.45561408996582,61.4072265625,86.11072540283203,9.301912307739258,43.02111053466797,86.09383392333984,10.434946060180664,14.819018363952637,79.30748748779297,22.685293197631836,180.00000711006123,180.00000711006123,180.00000711006123,0.0,0.0,0.0,0.0,0.0,0.0,0.0,0.0,0.0,0.0,0.0,0.0,0.0,0.0,0.0,0.0,0.0,0.0,0.0,0.0,0.0,1.0
110002.0,3.7420639991760254,111.55155241173816,-92.72485291470048,6.871306989023651,35.29725646972656,92.48008728027344,89.73490142822266,-4.181975841522217,0.7318647503852844,-8.472116470336914,101.98310852050781,95.46765899658203,111.8437271118164,85.43586730957031,89.21231079101562,27.51227569580078,61.67626953125,85.99434661865234,9.230363845825195,43.29316329956055,85.92188262939453,10.304266929626465,15.00771713256836,79.2430419921875,22.40234375,180.00000711006123,180.00000711006123,180.00000711006123,0.0,0.0,0.0,0.0,0.0,0.0,0.0,0.0,0.0,0.0,0.0,0.0,0.0,0.0,0.0,0.0,0.0,0.0,0.0,0.0,0.0,1.0
110003.0,3.750821828842163,112.49949388714185,-92.7925674109224,6.716438851088213,35.25114440917969,92.4908676147461,89.60261535644531,-4.4280805587768555,0.8575254678726196,-10.15471076965332,101.8984603881836,95.39657592773438,112.05560302734375,85.61355590820312,89.12052917480469,27.557056427001953,61.90303421020508,85.95124816894531,9.184539794921875,43.532745361328125,85.79732513427734,10.236018180847168,15.186652183532715,79.21440124511719,22.22445297241211,180.00000711006123,180.00000711006123,180.00000711006123,0.0,0.0,0.0,0.0,0.0,0.0,0.0,0.0,0.0,0.0,0.0,0.0,0.0,0.0,0.0,0.0,0.0,0.0,0.0,0.0,0.0,1.0
110004.0,3.7599170207977295,113.74910433113882,-92.90857134513999,6.587023840278761,35.46464538574219,92.58311462402344,89.56211853027344,3.301455497741699,3.4364023208618164,-8.602590560913086,102.12690734863281,95.45721435546875,112.18987274169922,85.87690734863281,89.03575134277344,27.558311462402344,62.15919876098633,85.91901397705078,9.15975570678711,43.79208755493164,85.7091293334961,10.22265625,15.432808876037598,79.15229034423828,22.22154426574707,180.00000711006123,180.00000711006123,180.00000711006123,0.0,0.0,0.0,0.0,0.0,0.0,0.0,0.0,0.0,0.0,0.0,0.0,0.0,0.0,0.0,0.0,0.0,0.0,0.0,0.0,0.0,1.0
110005.0,3.768440008163452,115.47508632435893,-93.02984818545838,6.339269824301965,35.694881439208984,92.70816802978516,89.51334381103516,9.408086776733398,6.299737453460693,-7.714926242828369,102.34256744384766,95.36544799804688,112.20313262939453,86.1539077758789,88.9297103881836,27.542430877685547,62.441654205322266,85.87165069580078,9.130807876586914,44.04844665527344,85.60965728759766,10.21081829071045,15.64374828338623,79.1838607788086,22.206588745117188,180.00000711006123,180.00000711006123,180.00000711006123,0.0,0.0,0.0,0.0,0.0,0.0,0.0,0.0,0.0,0.0,0.0,0.0,0.0,0.0,0.0,0.0,0.0,0.0,0.0,0.0,0.0,1.0
110006.0,3.777751922607422,115.8595986583623,-93.04680071517623,6.266741325319458,35.75752639770508,92.69622802734375,89.5133285522461,8.729395866394043,4.201878070831299,-5.592112064361572,102.36753845214844,95.33431243896484,112.39386749267578,86.32715606689453,88.94884490966797,27.616147994995117,62.642757415771484,85.91482543945312,9.161969184875488,44.23118209838867,85.55899810791016,10.239080429077148,15.80864429473877,79.13356018066406,22.200090408325195,180.00000711006123,180.00000711006123,180.00000711006123,0.0,0.0,0.0,0.0,0.0,0.0,0.0,0.0,0.0,0.0,0.0,0.0,0.0,0.0,0.0,0.0,0.0,0.0,0.0,0.0,0.0,1.0
110007.0,3.786926031112671,116.66801985796155,-93.09045928486057,6.135663590314522,35.863826751708984,92.73506927490234,89.49162292480469,9.556522369384766,4.224504470825195,-4.708395481109619,102.42090606689453,95.2558364868164,112.49683380126953,86.56563568115234,88.95393371582031,27.68508529663086,62.918121337890625,85.9569091796875,9.184773445129395,44.47548294067383,85.51094818115234,10.254539489746094,16.015485763549805,79.14562225341797,22.167055130004883,180.00000711006123,180.00000711006123,180.00000711006123,0.0,0.0,0.0,0.0,0.0,0.0,0.0,0.0,0.0,0.0,0.0,0.0,0.0,0.0,0.0,0.0,0.0,0.0,0.0,0.0,0.0,1.0
110008.0,3.7958438396453857,117.34658549954474,-93.11786200413053,6.012507167291972,35.90482711791992,92.75513458251953,89.4444580078125,8.177172660827637,3.6737802028656006,-4.851024150848389,102.36429595947266,95.120361328125,112.53883361816406,86.79864501953125,88.98759460449219,27.76860809326172,63.15993118286133,86.00725555419922,9.192965507507324,44.71722412109375,85.47644805908203,10.251276969909668,16.20580291748047,79.15865325927734,22.091020584106445,180.00000711006123,180.00000711006123,180.00000711006123,0.0,0.0,0.0,0.0,0.0,0.0,0.0,0.0,0.0,0.0,0.0,0.0,0.0,0.0,0.0,0.0,0.0,0.0,0.0,0.0,0.0,1.0
110009.0,3.8048830032348633,118.39458241726788,-93.16324861169505,5.837298298883979,36.04404830932617,92.78032684326172,89.38457489013672,10.166900634765625,3.4290242195129395,-5.339086055755615,102.3588638305664,94.9057846069336,112.46266174316406,87.12094116210938,88.91378021240234,27.847278594970703,63.537322998046875,86.04651641845703,9.198140144348145,45.06373596191406,85.41232299804688,10.240962982177734,16.480255126953125,79.18221282958984,22.001184463500977,180.00000711006123,180.00000711006123,180.00000711006123,0.0,0.0,0.0,0.0,0.0,0.0,0.0,0.0,0.0,0.0,0.0,0.0,0.0,0.0,0.0,0.0,0.0,0.0,0.0,0.0,0.0,1.0
110010.0,3.81413197517395,118.8095710557036,-93.3237512288747,6.027935711033479,36.674495697021484,92.92757415771484,89.77662658691406,26.578039169311523,6.970991134643555,8.084590911865234,102.95944213867188,95.34596252441406,112.88219451904297,87.80966186523438,89.07865905761719,28.281888961791992,64.25347900390625,86.14125061035156,9.617298126220703,45.76680374145508,85.39497375488281,10.664501190185547,17.194400787353516,79.07550811767578,22.424152374267578,180.00000711006123,180.00000711006123,180.00000711006123,0.0,0.0,0.0,0.0,0.0,0.0,0.0,0.0,0.0,0.0,0.0,0.0,0.0,0.0,0.0,0.0,0.0,0.0,0.0,0.0,0.0,1.0
110011.0,3.8232529163360596,119.29544339817312,-93.40091187682901,6.04607413235982,36.921112060546875,92.97460174560547,89.85655212402344,26.801759719848633,6.491059303283691,8.302399635314941,103.11363983154297,95.4841537475586,113.23995208740234,88.29584503173828,89.10839080810547,28.55996322631836,64.80186462402344,86.14747619628906,9.803691864013672,46.31846237182617,85.39707946777344,10.792905807495117,17.697664260864258,79.05044555664062,22.446369171142578,180.00000711006123,180.00000711006123,180.00000711006123,0.0,0.0,0.0,0.0,0.0,0.0,0.0,0.0,0.0,0.0,0.0,0.0,0.0,0.0,0.0,0.0,0.0,0.0,0.0,0.0,0.0,1.0
110012.0,3.8320889472961426,119.41337344575913,-93.40315900909218,6.021186630281079,36.96294403076172,92.96209716796875,89.8607406616211,20.672985076904297,4.316775798797607,6.13648796081543,103.1048812866211,95.48870086669922,113.43798065185547,88.49504089355469,89.11784362792969,28.68965721130371,65.03294372558594,86.15536499023438,9.871360778808594,46.5511360168457,85.41262817382812,10.824127197265625,17.891956329345703,79.06334686279297,22.40296173095703,180.00000711006123,180.00000711006123,180.00000711006123,0.0,0.0,0.0,0.0,0.0,0.0,0.0,0.0,0.0,0.0,0.0,0.0,0.0,0.0,0.0,0.0,0.0,0.0,0.0,0.0,0.0,1.0
110013.0,3.8410589694976807,119.73329951021697,-93.44949501296242,6.02445701027122,37.05926513671875,92.97237396240234,89.85440063476562,17.92469024658203,3.442838430404663,4.255363464355469,103.14383697509766,95.57636260986328,113.66207122802734,88.78466033935547,89.12512969970703,28.84058380126953,65.3594741821289,86.14883422851562,9.946422576904297,46.881343841552734,85.39716339111328,10.855560302734375,18.17523956298828,79.04568481445312,22.349544525146484,180.00000711006123,180.00000711006123,180.00000711006123,0.0,0.0,0.0,0.0,0.0,0.0,0.0,0.0,0.0,0.0,0.0,0.0,0.0,0.0,0.0,0.0,0.0,0.0,0.0,0.0,0.0,1.0
110014.0,3.8499679565429688,121.82208066581552,-93.61372691347242,5.8110643957493835,37.58911895751953,93.17462158203125,90.2295913696289,29.131546020507812,8.658356666564941,14.51859188079834,103.61479949951172,95.55488586425781,114.01405334472656,89.39604187011719,88.99629211425781,29.301298141479492,65.97422790527344,86.0531234741211,10.37596321105957,47.49748229980469,85.37690734863281,11.271339416503906,18.741226196289062,79.13875579833984,22.73797607421875,180.00000711006123,180.00000711006123,180.00000711006123,0.0,0.0,0.0,0.0,0.0,0.0,0.0,0.0,0.0,0.0,0.0,0.0,0.0,0.0,0.0,0.0,0.0,0.0,0.0,0.0,0.0,1.0
110015.0,3.8589978218078613,124.18648727839809,-93.85188195223236,5.660819442162364,38.38966751098633,93.34922790527344,90.35021209716797,45.527408599853516,11.600208282470703,14.201102256774902,104.39354705810547,95.56246948242188,113.8917007446289,90.13416290283203,88.8143081665039,29.379695892333984,66.66471099853516,85.8541488647461,10.48727798461914,48.16956329345703,85.23880004882812,11.414618492126465,19.407730102539062,79.07626342773438,22.94779396057129,180.00000711006123,180.00000711006123,180.00000711006123,0.0,0.0,0.0,0.0,0.0,0.0,0.0,0.0,0.0,0.0,0.0,0.0,0.0,0.0,0.0,0.0,0.0,0.0,0.0,0.0,0.0,1.0
110016.0,3.8683149814605713,124.83989050278524,-93.99131343557656,5.724401247001367,39.252967834472656,93.527099609375,91.07814025878906,59.31782150268555,13.830257415771484,32.48854446411133,105.28882598876953,95.83306884765625,114.4055404663086,90.84672546386719,88.88934326171875,29.985095977783203,67.34098052978516,85.87517547607422,11.161382675170898,48.83213424682617,85.3173599243164,12.129849433898926,20.08420753479004,79.11190795898438,23.757869720458984,180.00000711006123,180.00000711006123,180.00000711006123,0.0,0.0,0.0,0.0,0.0,0.0,0.0,0.0,0.0,0.0,0.0,0.0,0.0,0.0,0.0,0.0,0.0,0.0,0.0,0.0,0.0,1.0
110017.0,3.877297878265381,126.52829962494252,-94.04895340265512,5.4587410361327215,40.00197982788086,93.62273406982422,91.12310791015625,65.74767303466797,12.922067642211914,24.879308700561523,106.05097198486328,95.57502746582031,114.1750259399414,91.42633056640625,88.72198486328125,29.89362335205078,67.84381103515625,85.75884246826172,11.137588500976562,49.3215217590332,85.30021667480469,12.159438133239746,20.522287368774414,79.24551391601562,23.873504638671875,180.00000711006123,180.00000711006123,180.00000711006123,0.0,0.0,0.0,0.0,0.0,0.0,0.0,0.0,0.0,0.0,0.0,0.0,0.0,0.0,0.0,0.0,0.0,0.0,0.0,0.0,0.0,1.0
110018.0,3.8860878944396973,127.69564726961562,-94.13612710804955,5.346113776725474,40.4625358581543,93.69068145751953,91.23897552490234,61.69732666015625,11.43759536743164,21.565444946289062,106.40623474121094,95.39859771728516,114.01174926757812,91.82750701904297,88.6322021484375,29.960487365722656,68.22787475585938,85.69229125976562,11.234100341796875,49.697784423828125,85.31797790527344,12.279918670654297,20.842771530151367,79.27056121826172,24.03380012512207,180.00000711006123,180.00000711006123,180.00000711006123,0.0,0.0,0.0,0.0,0.0,0.0,0.0,0.0,0.0,0.0,0.0,0.0,0.0,0.0,0.0,0.0,0.0,0.0,0.0,0.0,0.0,1.0
110019.0,3.8952770233154297,129.7390213270819,-94.38219150596069,5.266490418659799,41.045753479003906,93.92889404296875,91.32977294921875,62.43043899536133,15.538372993469238,18.37601661682129,106.95811462402344,95.57757568359375,113.9061508178711,92.31407928466797,88.56280517578125,29.986408233642578,68.70210266113281,85.62693786621094,11.308722496032715,50.166038513183594,85.34922790527344,12.3826265335083,21.262596130371094,79.2747573852539,24.220523834228516,180.00000711006123,180.00000711006123,180.00000711006123,0.0,0.0,0.0,0.0,0.0,0.0,0.0,0.0,0.0,0.0,0.0,0.0,0.0,0.0,0.0,0.0,0.0,0.0,0.0,0.0,0.0,1.0
110020.0,3.9045569896698,130.17146792923995,-94.42710683046698,5.239875305587702,41.2470817565918,93.90699768066406,91.31804656982422,51.37716293334961,10.591691017150879,12.958046913146973,107.00312042236328,95.39813995361328,113.75035095214844,92.59233856201172,88.5379638671875,30.022947311401367,69.00831604003906,85.6453628540039,11.318510055541992,50.458919525146484,85.38837432861328,12.375275611877441,21.485652923583984,79.26995086669922,24.196359634399414,180.00000711006123,180.00000711006123,180.00000711006123,0.0,0.0,0.0,0.0,0.0,0.0,0.0,0.0,0.0,0.0,0.0,0.0,0.0,0.0,0.0,0.0,0.0,0.0,0.0,0.0,0.0,1.0
110021.0,3.913461923599243,130.6829944625315,-94.57127163496125,5.313808689121515,42.28977966308594,94.02485656738281,91.4135513305664,69.03510284423828,11.270669937133789,12.304071426391602,108.06344604492188,95.49329376220703,113.26265716552734,93.24739074707031,88.54142761230469,29.795015335083008,69.54961395263672,85.59146881103516,11.254148483276367,51.01628112792969,85.43968963623047,12.419840812683105,22.05518913269043,79.26856231689453,24.45134735107422,180.00000711006123,180.00000711006123,180.00000711006123,0.0,0.0,0.0,0.0,0.0,0.0,0.0,0.0,0.0,0.0,0.0,0.0,0.0,0.0,0.0,0.0,0.0,0.0,0.0,0.0,0.0,1.0
110022.0,3.9228010177612305,130.5568272067103,-94.571264804772,5.337398882129634,42.46929931640625,93.84521484375,91.18547821044922,55.466129302978516,2.6857821941375732,1.957764744758606,108.02877807617188,95.19120788574219,112.98355102539062,93.58087921142578,88.4223861694336,29.684141159057617,69.9894027709961,85.5450210571289,11.090802192687988,51.4754638671875,85.45603942871094,12.214875221252441,22.391258239746094,79.18367004394531,24.155014038085938,180.00000711006123,180.00000711006123,180.00000711006123,0.0,0.0,0.0,0.0,0.0,0.0,0.0,0.0,0.0,0.0,0.0,0.0,0.0,0.0,0.0,0.0,0.0,0.0,0.0,0.0,0.0,1.0
110023.0,3.931459903717041,129.94772458979696,-94.5411641607484,5.4171720774719745,42.73696517944336,93.68098449707031,91.1422119140625,48.3190803527832,-3.0612995624542236,0.09849333763122559,108.10313415527344,94.93260192871094,112.73820495605469,93.89518737792969,88.38273620605469,29.665084838867188,70.37699127197266,85.5470199584961,11.063431739807129,51.9119873046875,85.59400177001953,12.17268180847168,22.71059226989746,79.1618881225586,24.065528869628906,180.00000711006123,180.00000711006123,180.00000711006123,0.0,0.0,0.0,0.0,0.0,0.0,0.0,0.0,0.0,0.0,0.0,0.0,0.0,0.0,0.0,0.0,0.0,0.0,0.0,0.0,0.0,1.0
110024.0,3.9410898685455322,129.01963847454226,-94.50596136535523,5.55452504885011,42.87797164916992,93.44428253173828,90.7794418334961,39.34828567504883,-9.441659927368164,-10.995490074157715,108.06700134277344,94.82095336914062,112.6976547241211,94.39781188964844,88.36805725097656,29.585214614868164,71.04096221923828,85.55268096923828,10.85189437866211,52.58732223510742,85.68938446044922,11.843971252441406,23.28913688659668,79.08839416503906,23.546533584594727,180.00000711006123,180.00000711006123,180.00000711006123,0.0,0.0,0.0,0.0,0.0,0.0,0.0,0.0,0.0,0.0,0.0,0.0,0.0,0.0,0.0,0.0,0.0,0.0,0.0,0.0,0.0,1.0
110025.0,3.9499008655548096,124.34789831074795,-94.16540812936319,6.083109126019224,43.310791015625,92.78831481933594,90.23129272460938,41.68685531616211,-26.832908630371094,-24.67153549194336,108.34130859375,94.65288543701172,112.54679870605469,95.24451446533203,88.61892700195312,29.31779670715332,72.05851745605469,85.72708129882812,10.431390762329102,53.595741271972656,85.82852172851562,11.297107696533203,24.259899139404297,78.91940307617188,22.74231719970703,180.00000711006123,180.00000711006123,180.00000711006123,0.0,0.0,0.0,0.0,0.0,0.0,0.0,0.0,0.0,0.0,0.0,0.0,0.0,0.0,0.0,0.0,0.0,0.0,0.0,0.0,0.0,1.0
110026.0,3.9590799808502197,125.63070347449866,-94.9971271044933,6.9553840573669845,43.818389892578125,91.90917205810547,88.2570571899414,45.68523025512695,-46.251487731933594,-78.07820892333984,108.40645599365234,95.10494232177734,111.63069915771484,96.87973022460938,88.08834075927734,28.269329071044922,73.97477722167969,84.70580291748047,8.970081329345703,55.503170013427734,84.65680694580078,9.512012481689453,26.192716598510742,76.89026641845703,20.648681640625,180.00000711006123,180.00000711006123,180.00000711006123,0.0,0.0,0.0,0.0,0.0,0.0,0.0,0.0,0.0,0.0,0.0,0.0,0.0,0.0,0.0,0.0,0.0,0.0,0.0,0.0,0.0,1.0
110027.0,3.9681859016418457,127.52756997255801,-95.10362341527525,6.632392945483332,44.237491607666016,91.84346771240234,86.96458435058594,45.87147903442383,-35.507057189941406,-95.96401977539062,108.5745620727539,94.7495346069336,111.0519027709961,97.9581069946289,87.90015411376953,27.555805206298828,75.21560668945312,84.79356384277344,7.958745956420898,56.6744270324707,84.79652404785156,8.292684555053711,27.259906768798828,77.05290985107422,19.135663986206055,180.00000711006123,180.00000711006123,180.00000711006123,0.0,0.0,0.0,0.0,0.0,0.0,0.0,0.0,0.0,0.0,0.0,0.0,0.0,0.0,0.0,0.0,0.0,0.0,0.0,0.0,0.0,1.0
110028.0,3.977313995361328,126.81440259223564,-95.03066333370953,6.707614246577549,44.616634368896484,91.73248291015625,86.26644134521484,44.7922477722168,-29.10749053955078,-90.80875396728516,108.7778549194336,94.7291030883789,110.84162902832031,98.80339050292969,88.21884155273438,27.224260330200195,76.14862823486328,85.09650421142578,7.432718276977539,57.540740966796875,84.99945068359375,7.633026123046875,27.993364334106445,77.4488296508789,18.191251754760742,180.00000711006123,180.00000711006123,180.00000711006123,0.0,0.0,0.0,0.0,0.0,0.0,0.0,0.0,0.0,0.0,0.0,0.0,0.0,0.0,0.0,0.0,0.0,0.0,0.0,0.0,0.0,1.0
110029.0,3.9863688945770264,126.06177037842826,-94.98628076396471,6.832261785290683,45.406349182128906,91.83199310302734,85.96534729003906,56.52713394165039,-18.052358627319336,-74.9652328491211,109.52250671386719,94.84877014160156,110.20982360839844,99.50031280517578,88.56578063964844,26.804216384887695,76.7756118774414,85.4007797241211,7.043251991271973,58.1020622253418,85.3531723022461,7.260039806365967,28.480146408081055,78.07323455810547,17.797569274902344,180.00000711006123,180.00000711006123,180.00000711006123,0.0,0.0,0.0,0.0,0.0,0.0,0.0,0.0,0.0,0.0,0.0,0.0,0.0,0.0,0.0,0.0,0.0,0.0,0.0,0.0,0.0,1.0
110030.0,3.995107889175415,124.54135659105759,-94.95704072378658,7.181570897014069,45.91815185546875,91.78751373291016,85.62980651855469,56.551414489746094,-14.432988166809082,-64.53367614746094,109.97457885742188,95.14404296875,109.79830932617188,100.05943298339844,88.92024230957031,26.48086166381836,77.34317779541016,85.67742919921875,6.698857307434082,58.592002868652344,85.72882080078125,6.860500812530518,28.923398971557617,78.55717468261719,17.3261661529541,180.00000711006123,180.00000711006123,180.00000711006123,0.0,0.0,0.0,0.0,0.0,0.0,0.0,0.0,0.0,0.0,0.0,0.0,0.0,0.0,0.0,0.0,0.0,0.0,0.0,0.0,0.0,1.0
110031.0,4.003798961639404,124.77432068598773,-95.01590329474084,7.204148087579085,46.344940185546875,91.98014068603516,85.385986328125,53.9956169128418,-4.58519172668457,-54.20072555541992,110.14412689208984,95.01793670654297,108.75286865234375,100.45819091796875,89.10762023925781,26.20069122314453,77.73728942871094,85.88007354736328,6.434842586517334,58.945369720458984,86.1389389038086,6.569433212280273,29.216554641723633,79.12333679199219,17.018836975097656,180.00000711006123,180.00000711006123,180.00000711006123,0.0,0.0,0.0,0.0,0.0,0.0,0.0,0.0,0.0,0.0,0.0,0.0,0.0,0.0,0.0,0.0,0.0,0.0,0.0,0.0,0.0,1.0
110032.0,4.013733863830566,123.42568615824803,-95.14728198495959,7.771688149134093,47.497398376464844,92.4725112915039,84.8732681274414,74.19060516357422,11.686177253723145,-54.84419631958008,111.32869720458984,96.06458282470703,107.66911315917969,101.3595199584961,89.95106506347656,25.43842887878418,78.57186126708984,86.469970703125,5.787592887878418,59.738399505615234,86.81946563720703,5.971120834350586,30.00971031188965,79.74515533447266,16.524639129638672,180.00000711006123,180.00000711006123,180.00000711006123,0.0,0.0,0.0,0.0,0.0,0.0,0.0,0.0,0.0,0.0,0.0,0.0,0.0,0.0,0.0,0.0,0.0,0.0,0.0,0.0,0.0,1.0
110033.0,4.022850036621094,120.82974979047776,-94.71152274101541,7.862444288790016,48.97883605957031,92.42829132080078,83.33844757080078,99.00850677490234,7.127443313598633,-86.60436248779297,112.85619354248047,95.83738708496094,105.40129089355469,102.48381042480469,90.38365173339844,23.555564880371094,79.59026336669922,87.00634002685547,4.028434753417969,60.75444412231445,87.53323364257812,4.316921710968018,30.933805465698242,80.4417724609375,14.962639808654785,180.00000711006123,180.00000711006123,180.00000711006123,0.0,0.0,0.0,0.0,0.0,0.0,0.0,0.0,0.0,0.0,0.0,0.0,0.0,0.0,0.0,0.0,0.0,0.0,0.0,0.0,0.0,1.0
110034.0,4.032080888748169,117.51772272138624,-94.37172082584084,8.348396032209564,50.20556640625,92.29019165039062,82.00074768066406,109.0575942993164,0.9503363966941833,-103.460693359375,114.00953674316406,95.93140411376953,103.17646026611328,103.40336608886719,90.98236083984375,21.917816162109375,80.4734878540039,87.55723571777344,2.510601043701172,61.618255615234375,88.10823822021484,2.8866350650787354,31.70590591430664,80.90994262695312,13.597658157348633,180.00000711006123,180.00000711006123,180.00000711006123,0.0,0.0,0.0,0.0,0.0,0.0,0.0,0.0,0.0,0.0,0.0,0.0,0.0,0.0,0.0,0.0,0.0,0.0,0.0,0.0,0.0,1.0
110035.0,4.041601896286011,117.70683700133304,-94.28275761086297,8.11560439955798,51.97572326660156,92.8950424194336,80.38833618164062,133.28640747070312,19.157976150512695,-124.40361785888672,115.86981201171875,96.06611633300781,100.2852783203125,104.46559143066406,91.31539154052734,19.68372344970703,81.3503189086914,88.02007293701172,0.5674612522125244,62.46727752685547,88.78174591064453,1.1507891416549683,32.503475189208984,81.83313751220703,12.17946720123291,180.00000711006123,180.00000711006123,180.00000711006123,0.0,0.0,0.0,0.0,0.0,0.0,0.0,0.0,0.0,0.0,0.0,0.0,0.0,0.0,0.0,0.0,0.0,0.0,0.0,0.0,0.0,1.0
110036.0,4.049324035644531,118.7386873516698,-94.08305653757907,7.416846157231589,53.33293151855469,93.48197174072266,77.63411712646484,137.87179565429688,31.761241912841797,-174.02305603027344,117.1299057006836,95.73347473144531,97.00604248046875,105.7695541381836,91.47930908203125,16.872880935668945,82.61898040771484,88.5415267944336,-2.222318649291992,63.69877243041992,89.53768157958984,-1.6101739406585693,33.58872985839844,82.93744659423828,9.418622016906738,180.00000711006123,180.00000711006123,180.00000711006123,0.0,0.0,0.0,0.0,0.0,0.0,0.0,0.0,0.0,0.0,0.0,0.0,0.0,0.0,0.0,0.0,0.0,0.0,0.0,0.0,0.0,1.0
110037.0,4.05676794052124,119.25614248923011,-94.02613374037173,7.1616929118631845,54.22686004638672,93.93267822265625,76.02134704589844,126.99397277832031,36.71385192871094,-175.05482482910156,117.98737335205078,95.90604400634766,94.9209976196289,106.55642700195312,91.78368377685547,15.1423921585083,83.3649673461914,88.92800903320312,-3.8911705017089844,64.39691925048828,90.03946685791016,-3.235072135925293,34.2358512878418,83.53132629394531,7.862341403961182,180.00000711006123,180.00000711006123,180.00000711006123,0.0,0.0,0.0,0.0,0.0,0.0,0.0,0.0,0.0,0.0,0.0,0.0,0.0,0.0,0.0,0.0,0.0,0.0,0.0,0.0,0.0,1.0
110038.0,4.066020965576172,111.43983100618016,-93.2147072575026,8.139601415713287,54.59989547729492,93.0914535522461,74.42498779296875,103.43175506591797,0.957139253616333,-175.57904052734375,118.13453674316406,95.94425964355469,93.13489532470703,107.23307800292969,92.71868896484375,13.748356819152832,84.21379089355469,89.70825958251953,-5.3988142013549805,65.13328552246094,90.58678436279297,-4.829880714416504,35.017189025878906,83.42290496826172,6.054733753204346,180.00000711006123,180.00000711006123,180.00000711006123,0.0,0.0,0.0,0.0,0.0,0.0,0.0,0.0,0.0,0.0,0.0,0.0,0.0,0.0,0.0,0.0,0.0,0.0,0.0,0.0,0.0,1.0
110039.0,4.075105905532837,104.82974460501282,-92.41319137923483,9.04393896294664,54.604034423828125,92.1258316040039,71.37604522705078,74.98358917236328,-28.735340118408203,-219.99197387695312,117.74581909179688,95.80317687988281,90.34391021728516,108.0362319946289,93.4727783203125,11.38598918914795,85.32039642333984,90.40677642822266,-8.084088325500488,66.1366958618164,91.04524993896484,-7.753663539886475,35.952369689941406,83.37145233154297,2.641345977783203,180.00000711006123,180.00000711006123,180.00000711006123,0.0,0.0,0.0,0.0,0.0,0.0,0.0,0.0,0.0,0.0,0.0,0.0,0.0,0.0,0.0,0.0,0.0,0.0,0.0,0.0,0.0,1.0
110040.0,4.084740877151489,99.0184351762241,-91.64086772982046,10.231180387583265,54.964454650878906,91.18777465820312,67.69832611083984,65.29710388183594,-49.410362243652344,-271.4565734863281,117.77713012695312,96.0686264038086,86.8884048461914,109.06770324707031,94.35238647460938,8.340627670288086,86.52986145019531,91.2049789428711,-11.444796562194824,67.25177764892578,91.54224395751953,-11.304438591003418,37.10150146484375,83.26206970214844,-1.3252849578857422,180.00000711006123,180.00000711006123,180.00000711006123,0.0,0.0,0.0,0.0,0.0,0.0,0.0,0.0,0.0,0.0,0.0,0.0,0.0,0.0,0.0,0.0,0.0,0.0,0.0,0.0,0.0,1.0
110041.0,4.093520879745483,92.27730476411125,-90.44110400696809,10.956828231212228,55.5887451171875,90.12028503417969,64.54205322265625,66.3961410522461,-68.3949966430664,-293.1367492675781,118.41717529296875,95.64896392822266,83.29940795898438,109.63378143310547,94.78172302246094,5.191092491149902,87.01661682128906,91.85359191894531,-14.626055717468262,67.5862045288086,92.16991424560547,-14.45003604888916,37.51211166381836,83.56893157958984,-4.5502095222473145,180.00000711006123,180.00000711006123,180.00000711006123,0.0,0.0,0.0,0.0,0.0,0.0,0.0,0.0,0.0,0.0,0.0,0.0,0.0,0.0,0.0,0.0,0.0,0.0,0.0,0.0,0.0,1.0
110042.0,4.102602005004883,89.05665196680275,-89.80950957685536,11.415402014797849,55.51493453979492,89.40260314941406,61.349124908447266,45.79893493652344,-71.3655014038086,-309.43310546875,118.36444091796875,95.56436920166016,79.73970031738281,109.70694732666016,94.6912612915039,2.138471841812134,87.01283264160156,91.91297149658203,-17.756982803344727,67.44415283203125,92.30717468261719,-17.588674545288086,37.353084564208984,83.59636688232422,-7.7653489112854,180.00000711006123,180.00000711006123,180.00000711006123,0.0,0.0,0.0,0.0,0.0,0.0,0.0,0.0,0.0,0.0,0.0,0.0,0.0,0.0,0.0,0.0,0.0,0.0,0.0,0.0,0.0,1.0
110043.0,4.111970901489258,87.44329296412161,-89.56451751865643,9.660261089896949,53.59621047973633,89.81746673583984,57.64813232421875,-25.318567276000977,-39.08482360839844,-337.2139587402344,116.17302703857422,94.2204818725586,77.3208236694336,109.4761734008789,93.84317016601562,-0.1166238784790039,87.2093734741211,91.80842590332031,-20.589981079101562,67.60771179199219,92.87751770019531,-20.89828109741211,37.07305908203125,85.0696029663086,-11.894433975219727,180.00000711006123,180.00000711006123,180.00000711006123,0.0,0.0,0.0,0.0,0.0,0.0,0.0,0.0,0.0,0.0,0.0,0.0,0.0,0.0,0.0,0.0,0.0,0.0,0.0,0.0,0.0,1.0
110044.0,4.120929002761841,85.70513274346922,-89.40320893914532,7.896541447298375,53.555843353271484,90.32418060302734,53.87607192993164,-19.5576171875,-12.848597526550293,-359.0638427734375,116.36322784423828,93.10189056396484,72.77345275878906,109.24209594726562,92.74141693115234,-4.210619926452637,86.80355834960938,91.29966735839844,-24.536020278930664,67.21784973144531,92.92094421386719,-24.694242477416992,36.58565139770508,85.97551727294922,-15.500547409057617,180.00000711006123,180.00000711006123,180.00000711006123,0.0,0.0,0.0,0.0,0.0,0.0,0.0,0.0,0.0,0.0,0.0,0.0,0.0,0.0,0.0,0.0,0.0,0.0,0.0,0.0,0.0,1.0
110045.0,4.1297478675842285,79.249763789187,-88.34665379429225,8.644447170144929,53.2625732421875,88.94557189941406,49.981746673583984,-23.11444091796875,-51.34848403930664,-378.93377685546875,116.11505889892578,92.69648742675781,68.26628112792969,108.85832214355469,92.98745727539062,-8.157857894897461,86.36610412597656,91.51339721679688,-28.44906997680664,66.69245147705078,92.86276245117188,-28.520767211914062,36.131187438964844,85.53284454345703,-19.35872459411621,180.00000711006123,180.00000711006123,180.00000711006123,0.0,0.0,0.0,0.0,0.0,0.0,0.0,0.0,0.0,0.0,0.0,0.0,0.0,0.0,0.0,0.0,0.0,0.0,0.0,0.0,0.0,1.0
110046.0,4.13847804069519,74.66644042523058,-87.29837000862062,9.764487216527016,52.43742752075195,87.77393341064453,47.4949836730957,-41.88189697265625,-72.88074493408203,-350.1009521484375,115.25454711914062,92.99193572998047,64.5449447631836,107.55413055419922,93.60633850097656,-10.994579315185547,85.00747680664062,91.90035247802734,-31.079442977905273,65.14515686035156,92.9732437133789,-30.997909545898438,34.7142333984375,85.155029296875,-21.693058013916016,180.00000711006123,180.00000711006123,180.00000711006123,0.0,0.0,0.0,0.0,0.0,0.0,0.0,0.0,0.0,0.0,0.0,0.0,0.0,0.0,0.0,0.0,0.0,0.0,0.0,0.0,0.0,1.0
110047.0,4.147842884063721,70.68578563991423,-86.28373173519321,10.49934642413291,50.78458786010742,86.84828186035156,43.934383392333984,-80.76010131835938,-81.05083465576172,-362.3280944824219,113.25553894042969,93.23007202148438,60.695770263671875,106.42198944091797,94.07099914550781,-13.939711570739746,84.1074447631836,92.46219635009766,-34.21441650390625,64.10985565185547,93.35639190673828,-34.30195617675781,33.65266036987305,85.36297607421875,-25.3768310546875,180.00000711006123,180.00000711006123,180.00000711006123,0.0,0.0,0.0,0.0,0.0,0.0,0.0,0.0,0.0,0.0,0.0,0.0,0.0,0.0,0.0,0.0,0.0,0.0,0.0,0.0,0.0,1.0
110048.0,4.156853914260864,67.64224648004074,-85.05672921761288,11.875312807929106,49.502159118652344,85.31072235107422,40.781837463378906,-97.56500244140625,-105.55239868164062,-358.4382629394531,111.725830078125,93.4385986328125,56.44478988647461,104.72258758544922,94.53412628173828,-17.22972297668457,82.42311096191406,92.83921813964844,-37.35723876953125,62.18198776245117,93.41555786132812,-37.372413635253906,32.033451080322266,84.91696166992188,-28.38113784790039,180.00000711006123,180.00000711006123,180.00000711006123,0.0,0.0,0.0,0.0,0.0,0.0,0.0,0.0,0.0,0.0,0.0,0.0,0.0,0.0,0.0,0.0,0.0,0.0,0.0,0.0,0.0,1.0
110049.0,4.1667139530181885,63.39794638968442,-84.33219640237894,11.209167865496568,49.06641387939453,85.9509048461914,35.8441047668457,-84.10262298583984,-57.06698226928711,-410.8053283691406,111.3642807006836,93.35829162597656,50.47807312011719,104.1402587890625,94.8509521484375,-22.375673294067383,81.72952270507812,93.72496795654297,-42.36737060546875,61.42439270019531,94.53064727783203,-42.24666976928711,31.2430419921875,86.5789566040039,-33.16743469238281,180.00000711006123,180.00000711006123,180.00000711006123,0.0,0.0,0.0,0.0,0.0,0.0,0.0,0.0,0.0,0.0,0.0,0.0,0.0,0.0,0.0,0.0,0.0,0.0,0.0,0.0,0.0,1.0
110050.0,4.1752028465271,59.53752342573125,-83.68276834813514,10.659634744124844,48.18064880371094,86.75848388671875,32.073577880859375,-87.78902435302734,-16.660409927368164,-411.8736572265625,110.72130584716797,93.65774536132812,45.15381622314453,102.46898651123047,95.34541320800781,-26.942094802856445,79.8048324584961,94.53733825683594,-46.543357849121094,59.38629913330078,95.64399719238281,-46.098289489746094,29.329111099243164,88.09351348876953,-36.58747100830078,180.00000711006123,180.00000711006123,180.00000711006123,0.0,0.0,0.0,0.0,0.0,0.0,0.0,0.0,0.0,0.0,0.0,0.0,0.0,0.0,0.0,0.0,0.0,0.0,0.0,0.0,0.0,1.0
110051.0,4.184558868408203,54.41102584659461,-83.20498977992656,9.453080959384579,46.24606704711914,87.8154296875,28.339887619018555,-122.68986511230469,20.160140991210938,-412.6292724609375,108.885498046875,93.36673736572266,40.34905242919922,100.37833404541016,95.47927856445312,-30.961341857910156,77.69773864746094,95.21358489990234,-50.367759704589844,57.19350051879883,96.79483795166016,-49.80096435546875,27.117361068725586,89.96256256103516,-40.143829345703125,180.00000711006123,180.00000711006123,180.00000711006123,0.0,0.0,0.0,0.0,0.0,0.0,0.0,0.0,0.0,0.0,0.0,0.0,0.0,0.0,0.0,0.0,0.0,0.0,0.0,0.0,0.0,1.0
110052.0,4.193570852279663,50.217293062348745,-81.3703258153646,10.329710990152705,43.612056732177734,86.56538391113281,25.11581802368164,-169.20875549316406,-23.509075164794922,-397.27301025390625,106.03050231933594,92.77478790283203,36.632625579833984,97.68070220947266,96.49996185302734,-33.90632247924805,75.15225982666016,96.38372039794922,-53.25849533081055,54.510009765625,97.8995361328125,-52.675254821777344,24.67997932434082,90.5561294555664,-43.21836853027344,180.00000711006123,180.00000711006123,180.00000711006123,0.0,0.0,0.0,0.0,0.0,0.0,0.0,0.0,0.0,0.0,0.0,0.0,0.0,0.0,0.0,0.0,0.0,0.0,0.0,0.0,0.0,1.0
110053.0,4.203290939331055,44.668279976223175,-81.54998711338976,8.35411204683794,41.63856887817383,88.41769409179688,20.753190994262695,-182.7569580078125,39.445648193359375,-420.82568359375,104.25238800048828,92.61805725097656,31.139802932739258,95.53254699707031,96.16397094726562,-38.76377487182617,72.95722961425781,96.66493225097656,-57.87904357910156,52.36078643798828,98.79676818847656,-57.14082717895508,22.628631591796875,92.5478515625,-47.402591705322266,180.00000711006123,180.00000711006123,180.00000711006123,0.0,0.0,0.0,0.0,0.0,0.0,0.0,0.0,0.0,0.0,0.0,0.0,0.0,0.0,0.0,0.0,0.0,0.0,0.0,0.0,0.0,1.0
110054.0,4.2116968631744385,40.45075422772584,-81.89333389678495,6.924289620807542,39.92744445800781,90.0755615234375,17.757600784301758,-184.544677734375,79.11595916748047,-396.14556884765625,102.74847412109375,92.95694732666016,26.1830997467041,92.68988800048828,96.06565856933594,-42.97764205932617,69.83944702148438,96.8239974975586,-61.5570068359375,49.27484893798828,99.34921264648438,-60.40809631347656,19.858888626098633,93.70870971679688,-49.98800277709961,180.00000711006123,180.00000711006123,180.00000711006123,0.0,0.0,0.0,0.0,0.0,0.0,0.0,0.0,0.0,0.0,0.0,0.0,0.0,0.0,0.0,0.0,0.0,0.0,0.0,0.0,0.0,1.0
110055.0,4.221199035644531,38.17703545290669,-82.1340161055673,6.199657767829478,38.1296501159668,91.32062530517578,13.877382278442383,-188.4989013671875,95.27316284179688,-405.2757873535156,101.11746215820312,93.60676574707031,20.95867919921875,89.99406433105469,96.36643981933594,-47.72964859008789,66.94156646728516,97.21250915527344,-65.91215515136719,46.4239387512207,99.75543212890625,-64.45270538330078,17.202186584472656,94.43133544921875,-53.54854202270508,180.00000711006123,180.00000711006123,180.00000711006123,0.0,0.0,0.0,0.0,0.0,0.0,0.0,0.0,0.0,0.0,0.0,0.0,0.0,0.0,0.0,0.0,0.0,0.0,0.0,0.0,0.0,1.0
110056.0,4.22994589805603,36.34421905453678,-82.29682732671336,5.683385106783021,35.978248596191406,92.33574676513672,10.612872123718262,-202.00115966796875,99.89533996582031,-392.825927734375,99.10414123535156,94.22901153564453,16.40876579284668,86.92717742919922,96.72465515136719,-51.820980072021484,63.65817642211914,97.63875579833984,-69.62137603759766,43.17308807373047,100.1568603515625,-67.86107635498047,14.141863822937012,95.03466796875,-56.48276138305664,180.00000711006123,180.00000711006123,180.00000711006123,0.0,0.0,0.0,0.0,0.0,0.0,0.0,0.0,0.0,0.0,0.0,0.0,0.0,0.0,0.0,0.0,0.0,0.0,0.0,0.0,0.0,1.0
110057.0,4.239538908004761,34.92361140757794,-82.60421316370866,5.178631986793079,33.61936950683594,93.44590759277344,8.076639175415039,-218.23866271972656,106.20653533935547,-361.8712463378906,96.85799407958984,94.85970306396484,12.40364933013916,83.53536224365234,97.06668090820312,-55.25600814819336,60.025550842285156,98.027587890625,-72.63894653320312,39.54468536376953,100.5302963256836,-70.55521392822266,10.778977394104004,95.4825210571289,-58.644813537597656,180.00000711006123,180.00000711006123,180.00000711006123,0.0,0.0,0.0,0.0,0.0,0.0,0.0,0.0,0.0,0.0,0.0,0.0,0.0,0.0,0.0,0.0,0.0,0.0,0.0,0.0,0.0,1.0
110058.0,4.2481019496917725,34.92684550218769,-83.10093184670677,4.829613584999635,31.05617332458496,94.8143539428711,5.486755847930908,-236.3897705078125,118.73209381103516,-341.3304443359375,94.33997344970703,95.84234619140625,8.38596248626709,80.01991271972656,97.63320922851562,-58.65330505371094,56.31364059448242,98.48564147949219,-75.65091705322266,35.792266845703125,100.96915435791016,-73.29125213623047,7.288295745849609,95.97472381591797,-60.88004684448242,180.00000711006123,180.00000711006123,180.00000711006123,0.0,0.0,0.0,0.0,0.0,0.0,0.0,0.0,0.0,0.0,0.0,0.0,0.0,0.0,0.0,0.0,0.0,0.0,0.0,0.0,0.0,1.0
110059.0,4.257203817367554,34.42023329006133,-82.91568345387532,4.867556566942426,28.34860610961914,95.56629180908203,3.546773672103882,-253.9366912841797,109.00216674804688,-306.5978088378906,91.62981414794922,96.63996887207031,4.880354881286621,76.12088775634766,98.6566390991211,-61.49958419799805,52.18256759643555,99.43478393554688,-78.01886749267578,31.610010147094727,101.77710723876953,-75.29107666015625,3.415545701980591,96.54888153076172,-62.35490798950195,180.00000711006123,180.00000711006123,180.00000711006123,0.0,0.0,0.0,0.0,0.0,0.0,0.0,0.0,0.0,0.0,0.0,0.0,0.0,0.0,0.0,0.0,0.0,0.0,0.0,0.0,0.0,1.0
110060.0,4.266485929489136,32.29381096150746,-82.7426884205579,4.601557407932262,25.309391021728516,96.4189453125,0.906898558139801,-276.4544982910156,104.89368438720703,-302.40411376953125,88.5695571899414,97.21932983398438,1.2100898027420044,72.3604507446289,99.50869750976562,-64.68899536132812,48.29721450805664,100.36827087402344,-80.90326690673828,27.673564910888672,102.70498657226562,-77.9499740600586,-0.3583003282546997,97.4825668334961,-64.68934631347656,180.00000711006123,180.00000711006123,180.00000711006123,0.0,0.0,0.0,0.0,0.0,0.0,0.0,0.0,0.0,0.0,0.0,0.0,0.0,0.0,0.0,0.0,0.0,0.0,0.0,0.0,0.0,1.0
110061.0,4.275194883346558,31.660785606746913,-82.80215204816614,4.453191183275749,22.22574806213379,97.58969116210938,-1.3366854190826416,-294.3446960449219,111.70415496826172,-287.53192138671875,85.43653106689453,98.276611328125,-2.2886922359466553,68.30919647216797,100.5133285522461,-67.6482925415039,44.04121398925781,101.36145782470703,-83.48307800292969,23.391206741333008,103.6205062866211,-80.23760986328125,-4.420969009399414,98.4460678100586,-66.52679443359375,180.00000711006123,180.00000711006123,180.00000711006123,0.0,0.0,0.0,0.0,0.0,0.0,0.0,0.0,0.0,0.0,0.0,0.0,0.0,0.0,0.0,0.0,0.0,0.0,0.0,0.0,0.0,1.0
110062.0,4.284185886383057,29.38085477480513,-82.917589076676,4.001534246965974,19.11075210571289,99.06808471679688,-3.2944698333740234,-307.81292724609375,125.84143829345703,-267.62774658203125,82.27867889404297,99.32315063476562,-5.499061107635498,64.18165588378906,101.56622314453125,-70.3438949584961,39.72480773925781,102.538330078125,-85.7772216796875,19.043092727661133,104.7931900024414,-82.22631072998047,-8.553234100341797,99.82368469238281,-68.0445327758789,180.00000711006123,180.00000711006123,180.00000711006123,0.0,0.0,0.0,0.0,0.0,0.0,0.0,0.0,0.0,0.0,0.0,0.0,0.0,0.0,0.0,0.0,0.0,0.0,0.0,0.0,0.0,1.0
110063.0,4.293054819107056,27.6618446972617,-83.25039687805884,3.5497966290456873,16.031349182128906,100.6471176147461,-4.995843410491943,-317.0614929199219,139.3850860595703,-245.90121459960938,79.15699768066406,100.50083923339844,-8.486579895019531,60.00823211669922,102.51007843017578,-72.82059478759766,35.3966064453125,103.58738708496094,-87.82219696044922,14.635382652282715,105.83091735839844,-83.95945739746094,-12.729944229125977,101.08244323730469,-69.26024627685547,180.00000711006123,180.00000711006123,180.00000711006123,0.0,0.0,0.0,0.0,0.0,0.0,0.0,0.0,0.0,0.0,0.0,0.0,0.0,0.0,0.0,0.0,0.0,0.0,0.0,0.0,0.0,1.0
110064.0,4.3021018505096436,26.189764744116815,-82.86738035550115,3.5218955194039125,13.041947364807129,101.60401153564453,-6.179776191711426,-321.7619934082031,130.5403594970703,-214.89968872070312,76.10274505615234,101.60376739501953,-11.1973876953125,55.64818572998047,104.1031723022461,-74.90401458740234,30.79254150390625,105.16461944580078,-89.36276245117188,9.942898750305176,107.22364044189453,-85.07145690917969,-17.083248138427734,102.33307647705078,-69.8087387084961,180.00000711006123,180.00000711006123,180.00000711006123,0.0,0.0,0.0,0.0,0.0,0.0,0.0,0.0,0.0,0.0,0.0,0.0,0.0,0.0,0.0,0.0,0.0,0.0,0.0,0.0,0.0,1.0
110065.0,4.311352968215942,24.098232729797928,-83.23955053753025,3.0351154020944193,9.612101554870605,103.29844665527344,-7.774119853973389,-336.4632263183594,145.7222137451172,-203.52853393554688,72.64617156982422,102.84828186035156,-13.793598175048828,51.37614440917969,105.22250366210938,-77.08795928955078,26.37403678894043,106.3227767944336,-91.20669555664062,5.462129592895508,108.47879028320312,-86.66632080078125,-21.406360626220703,103.78547668457031,-70.9729995727539,180.00000711006123,180.00000711006123,180.00000711006123,0.0,0.0,0.0,0.0,0.0,0.0,0.0,0.0,0.0,0.0,0.0,0.0,0.0,0.0,0.0,0.0,0.0,0.0,0.0,0.0,0.0,1.0
110066.0,4.320369005203247,22.84522426664921,-83.54391743087717,2.7293884473131413,5.974120616912842,104.88739776611328,-9.316174507141113,-355.00457763671875,154.1595001220703,-194.65362548828125,68.98892211914062,104.16255950927734,-16.06136703491211,47.16104507446289,106.48175048828125,-79.0428237915039,22.062013626098633,107.68746948242188,-92.92379760742188,1.0833120346069336,109.8027114868164,-88.21192932128906,-25.6876163482666,105.16381072998047,-72.19660949707031,180.00000711006123,180.00000711006123,180.00000711006123,0.0,0.0,0.0,0.0,0.0,0.0,0.0,0.0,0.0,0.0,0.0,0.0,0.0,0.0,0.0,0.0,0.0,0.0,0.0,0.0,0.0,1.0
110067.0,4.329140901565552,22.414336655187412,-83.83204213418821,2.5522391648279807,2.4022743701934814,106.2647933959961,-10.338142395019531,-366.0819091796875,153.67481994628906,-172.17330932617188,65.36119842529297,105.4364242553711,-18.010440826416016,42.8048095703125,107.68700408935547,-80.5907211303711,17.582902908325195,108.98439025878906,-94.15969848632812,-3.4736342430114746,110.97355651855469,-89.21527099609375,-30.07067108154297,106.31649780273438,-72.80642700195312,180.00000711006123,180.00000711006123,180.00000711006123,0.0,0.0,0.0,0.0,0.0,0.0,0.0,0.0,0.0,0.0,0.0,0.0,0.0,0.0,0.0,0.0,0.0,0.0,0.0,0.0,0.0,1.0
110068.0,4.338279962539673,21.651773346210916,-84.03922226470058,2.373487989520342,-1.096070647239685,107.65056610107422,-11.393705368041992,-372.07965087890625,153.66815185546875,-157.0069580078125,61.787723541259766,106.71914672851562,-20.019132614135742,38.466270446777344,109.07568359375,-82.18987274169922,13.130913734436035,110.4425277709961,-95.42322540283203,-7.9942779541015625,112.35160064697266,-90.23675537109375,-34.404693603515625,107.61280059814453,-73.42742156982422,180.00000711006123,180.00000711006123,180.00000711006123,0.0,0.0,0.0,0.0,0.0,0.0,0.0,0.0,0.0,0.0,0.0,0.0,0.0,0.0,0.0,0.0,0.0,0.0,0.0,0.0,0.0,1.0
110069.0,4.347213983535767,21.142891803706334,-84.19640540990486,2.250963785890221,-4.8724260330200195,108.89524841308594,-12.4476957321167,-384.571533203125,149.22622680664062,-145.8311309814453,57.960365295410156,107.91119384765625,-21.805334091186523,34.05256271362305,110.4303207397461,-83.65935516357422,8.596100807189941,111.75439453125,-96.63023376464844,-12.565340995788574,113.64039611816406,-91.26280212402344,-38.83736038208008,108.84723663330078,-74.13934326171875,180.00000711006123,180.00000711006123,180.00000711006123,0.0,0.0,0.0,0.0,0.0,0.0,0.0,0.0,0.0,0.0,0.0,0.0,0.0,0.0,0.0,0.0,0.0,0.0,0.0,0.0,0.0,1.0
110070.0,4.356343030929565,19.15374774133568,-84.29872164486596,1.9860019618723612,-8.896125793457031,110.06583404541016,-13.382889747619629,-401.13397216796875,143.74200439453125,-134.10787963867188,53.89655685424805,108.8700180053711,-23.37375831604004,29.508882522583008,111.74593353271484,-84.94451904296875,3.9649741649627686,113.19735717773438,-97.69248962402344,-17.26360321044922,115.00987243652344,-92.17224884033203,-43.452674865722656,110.194091796875,-74.77445220947266,180.00000711006123,180.00000711006123,180.00000711006123,0.0,0.0,0.0,0.0,0.0,0.0,0.0,0.0,0.0,0.0,0.0,0.0,0.0,0.0,0.0,0.0,0.0,0.0,0.0,0.0,0.0,1.0
110071.0,4.365319013595581,17.80353202478466,-84.46227735664024,1.7833270882221441,-12.890787124633789,111.11602783203125,-13.953601837158203,-412.5277404785156,136.19845581054688,-114.59459686279297,49.807491302490234,109.78358459472656,-24.819446563720703,24.703296661376953,112.89513397216797,-86.00885772705078,-0.9829179644584656,114.42499542236328,-98.43448638916016,-22.19285774230957,116.35140991210938,-92.6978988647461,-48.28550338745117,111.29413604736328,-74.90069580078125,180.00000711006123,180.00000711006123,180.00000711006123,0.0,0.0,0.0,0.0,0.0,0.0,0.0,0.0,0.0,0.0,0.0,0.0,0.0,0.0,0.0,0.0,0.0,0.0,0.0,0.0,0.0,1.0
110072.0,4.374656915664673,17.162669027860034,-84.78415002503425,1.6148898188467342,-16.913745880126953,112.11895751953125,-14.305088996887207,-421.18988037109375,129.14495849609375,-93.65455627441406,45.664100646972656,110.68721008300781,-26.208616256713867,19.683320999145508,113.88680267333984,-86.94511413574219,-6.2022929191589355,115.3193588256836,-98.98353576660156,-27.408191680908203,117.31546783447266,-92.97013854980469,-53.290061950683594,112.25546264648438,-74.71111297607422,180.00000711006123,180.00000711006123,180.00000711006123,0.0,0.0,0.0,0.0,0.0,0.0,0.0,0.0,0.0,0.0,0.0,0.0,0.0,0.0,0.0,0.0,0.0,0.0,0.0,0.0,0.0,1.0
110073.0,4.383733034133911,15.575136678279478,-85.03431936668449,1.3873254154053427,-21.169647216796875,113.12952423095703,-14.821449279785156,-435.08148193359375,124.4269790649414,-83.63057708740234,41.3279914855957,111.52198028564453,-27.531532287597656,14.68921947479248,114.858642578125,-87.89695739746094,-11.349587440490723,116.53956604003906,-99.64703369140625,-32.58176803588867,118.36585998535156,-93.41497039794922,-58.32042694091797,113.3403091430664,-74.79620361328125,180.00000711006123,180.00000711006123,180.00000711006123,0.0,0.0,0.0,0.0,0.0,0.0,0.0,0.0,0.0,0.0,0.0,0.0,0.0,0.0,0.0,0.0,0.0,0.0,0.0,0.0,0.0,1.0
110074.0,4.39270281791687,13.495584815904635,-85.3663963378176,1.1143423878873193,-25.596702575683594,114.07011413574219,-15.1929349899292,-450.28912353515625,118.85067749023438,-71.93254089355469,36.864845275878906,112.24441528320312,-28.577178955078125,9.64791488647461,115.61234283447266,-88.63391876220703,-16.52481460571289,117.40770721435547,-100.13845825195312,-37.7951774597168,119.39676666259766,-93.7415771484375,-63.43337631225586,114.34284210205078,-74.79231262207031,180.00000711006123,180.00000711006123,180.00000711006123,0.0,0.0,0.0,0.0,0.0,0.0,0.0,0.0,0.0,0.0,0.0,0.0,0.0,0.0,0.0,0.0,0.0,0.0,0.0,0.0,0.0,1.0
110075.0,4.402112007141113,11.421859958733478,-85.7360666705813,0.8629817118215399,-29.873947143554688,115.0252456665039,-15.317063331604004,-456.9765625,115.31395721435547,-55.945106506347656,32.46739196777344,113.0078353881836,-29.638267517089844,4.445681095123291,116.42378997802734,-89.26299285888672,-21.928226470947266,118.24466705322266,-100.41187286376953,-43.20016860961914,120.28052520751953,-93.75059509277344,-68.66169738769531,115.51797485351562,-74.39018249511719,180.00000711006123,180.00000711006123,180.00000711006123,0.0,0.0,0.0,0.0,0.0,0.0,0.0,0.0,0.0,0.0,0.0,0.0,0.0,0.0,0.0,0.0,0.0,0.0,0.0,0.0,0.0,1.0
110076.0,4.411300897598267,8.88698804417686,-86.06303466015561,0.6165434677706827,-34.761940002441406,116.004638671875,-15.035551071166992,-480.1972961425781,113.42648315429688,-31.9558162689209,27.55527687072754,113.7258529663086,-29.74061393737793,-0.7744215130805969,117.239013671875,-89.18577575683594,-27.262643814086914,119.25711822509766,-100.20263671875,-48.51087188720703,121.18475341796875,-93.44886779785156,-73.94207000732422,116.79977416992188,-73.9198989868164,180.00000711006123,180.00000711006123,180.00000711006123,0.0,0.0,0.0,0.0,0.0,0.0,0.0,0.0,0.0,0.0,0.0,0.0,0.0,0.0,0.0,0.0,0.0,0.0,0.0,0.0,0.0,1.0
110077.0,4.420054912567139,4.960787796427724,-86.05994741461473,0.3425287881912542,-39.502201080322266,116.61898803710938,-15.015606880187988,-491.5401611328125,100.71334075927734,-22.494590759277344,22.804182052612305,114.23126220703125,-30.293819427490234,-6.155218601226807,118.04347229003906,-89.48555755615234,-32.749332427978516,120.2444839477539,-100.25272369384766,-53.93975067138672,122.36344146728516,-93.33541107177734,-79.28008270263672,117.8465347290039,-73.54345703125,180.00000711006123,180.00000711006123,180.00000711006123,0.0,0.0,0.0,0.0,0.0,0.0,0.0,0.0,0.0,0.0,0.0,0.0,0.0,0.0,0.0,0.0,0.0,0.0,0.0,0.0,0.0,1.0
110078.0,4.428666830062866,-0.8373487586192141,-86.72585671551815,-0.04790555668043317,-43.8618049621582,117.55643463134766,-14.998860359191895,-489.6245422363281,101.66917419433594,-15.808791160583496,18.366939544677734,114.77687072753906,-31.04589080810547,-11.449234962463379,118.3540267944336,-89.92532348632812,-38.17765426635742,120.34050750732422,-100.35509490966797,-59.302734375,123.1133041381836,-93.2202377319336,-84.49598693847656,118.56974792480469,-73.00525665283203,180.00000711006123,180.00000711006123,180.00000711006123,0.0,0.0,0.0,0.0,0.0,0.0,0.0,0.0,0.0,0.0,0.0,0.0,0.0,0.0,0.0,0.0,0.0,0.0,0.0,0.0,0.0,1.0
110079.0,4.437695026397705,-4.525795241226831,-87.1226838807388,-0.22794361234688587,-48.89347457885742,118.45780181884766,-14.579675674438477,-507.6425476074219,101.03936004638672,1.334296464920044,13.398954391479492,115.50794982910156,-30.781875610351562,-16.713991165161133,119.02297973632812,-89.63018798828125,-43.48607635498047,121.1299819946289,-99.98049926757812,-64.56868743896484,124.00212860107422,-92.818359375,-89.77433776855469,119.43156433105469,-72.46702575683594,180.00000711006123,180.00000711006123,180.00000711006123,0.0,0.0,0.0,0.0,0.0,0.0,0.0,0.0,0.0,0.0,0.0,0.0,0.0,0.0,0.0,0.0,0.0,0.0,0.0,0.0,0.0,1.0
110080.0,4.447237014770508,-6.683589055891588,-87.17922418734815,-0.3308101044294265,-53.3552131652832,118.87041473388672,-13.659171104431152,-503.7906188964844,85.77669525146484,29.032400131225586,8.77802848815918,115.94963073730469,-30.772045135498047,-22.2850341796875,119.68745422363281,-89.19368743896484,-49.19001007080078,121.62907409667969,-99.1333236694336,-70.19048309326172,124.76982879638672,-91.68408203125,-95.15631866455078,120.11605834960938,-70.93901824951172,180.00000711006123,180.00000711006123,180.00000711006123,0.0,0.0,0.0,0.0,0.0,0.0,0.0,0.0,0.0,0.0,0.0,0.0,0.0,0.0,0.0,0.0,0.0,0.0,0.0,0.0,0.0,1.0
110081.0,4.455996990203857,-10.296255869433821,-87.51494847954064,-0.45171707399168426,-57.79990005493164,119.63835144042969,-13.12993049621582,-500.1742858886719,85.50155639648438,37.1479606628418,4.230003833770752,116.6490478515625,-30.98451042175293,-27.70060920715332,120.27285766601562,-89.07341003417969,-54.719390869140625,122.0828857421875,-98.66744232177734,-75.6600341796875,125.64631652832031,-90.98211669921875,-100.40325927734375,120.8292465209961,-69.87377166748047,180.00000711006123,180.00000711006123,180.00000711006123,0.0,0.0,0.0,0.0,0.0,0.0,0.0,0.0,0.0,0.0,0.0,0.0,0.0,0.0,0.0,0.0,0.0,0.0,0.0,0.0,0.0,1.0
110082.0,4.465170860290527,-3.9136869141567843,-86.49178612992955,-0.24030724206470566,-61.92049026489258,119.3956298828125,-11.9342041015625,-488.3703308105469,54.593997955322266,63.40945053100586,-0.17729777097702026,117.1729507446289,-31.13762092590332,-33.45918655395508,121.66779327392578,-88.48492431640625,-60.68338394165039,123.4490737915039,-97.4589614868164,-81.50502014160156,127.02701568603516,-89.26734161376953,-105.82491302490234,121.69808959960938,-67.71212005615234,180.00000711006123,180.00000711006123,180.00000711006123,0.0,0.0,0.0,0.0,0.0,0.0,0.0,0.0,0.0,0.0,0.0,0.0,0.0,0.0,0.0,0.0,0.0,0.0,0.0,0.0,0.0,1.0
110083.0,4.474063873291016,-2.426748524629332,-86.23118708929496,-0.1599531071101623,-66.07618713378906,119.53827667236328,-10.64001750946045,-480.3947448730469,43.88877868652344,85.37908935546875,-4.646181106567383,117.71720123291016,-31.081697463989258,-39.177677154541016,122.32495880126953,-87.74523162841797,-66.5741958618164,124.0455093383789,-96.15208435058594,-87.26915740966797,127.5903091430664,-87.52266693115234,-111.21332550048828,122.30475616455078,-65.47943115234375,180.00000711006123,180.00000711006123,180.00000711006123,0.0,0.0,0.0,0.0,0.0,0.0,0.0,0.0,0.0,0.0,0.0,0.0,0.0,0.0,0.0,0.0,0.0,0.0,0.0,0.0,0.0,1.0
110084.0,4.505508899688721,-26.129621512678227,-88.80340220980088,-0.5870394514502131,-81.54711151123047,121.95481872558594,-7.394212245941162,-536.1084594726562,71.9041519165039,106.6211929321289,-20.681297302246094,119.04521179199219,-29.970571517944336,-57.63251495361328,121.36674499511719,-85.54400634765625,-85.39093780517578,123.17425537109375,-92.95553588867188,-105.82144927978516,127.2465591430664,-83.67488098144531,-128.92898559570312,122.76668548583984,-60.46763229370117,180.00000711006123,180.00000711006123,180.00000711006123,0.0,0.0,0.0,0.0,0.0,0.0,0.0,0.0,0.0,0.0,0.0,0.0,0.0,0.0,0.0,0.0,0.0,0.0,0.0,0.0,0.0,1.0
110085.0,4.514993906021118,-37.35642578059128,-89.6006423895983,-0.3048561056519361,-84.716552734375,122.72535705566406,-5.401676654815674,-485.5841369628906,75.66656494140625,138.1316680908203,-24.067245483398438,119.79198455810547,-28.69438934326172,-61.78928756713867,121.25665283203125,-83.84170532226562,-89.68669128417969,123.12295532226562,-90.93075561523438,-110.06009674072266,127.15264129638672,-81.42732238769531,-132.79396057128906,122.57174682617188,-57.859519958496094,180.00000711006123,180.00000711006123,180.00000711006123,0.0,0.0,0.0,0.0,0.0,0.0,0.0,0.0,0.0,0.0,0.0,0.0,0.0,0.0,0.0,0.0,0.0,0.0,0.0,0.0,0.0,1.0
110086.0,4.523366928100586,6.352143023490413,-89.66173160224798,0.03765768480442744,-88.44610595703125,122.66798400878906,-3.3034722805023193,-464.5185852050781,52.93738555908203,163.7296600341797,-28.001951217651367,120.04671478271484,-27.33880615234375,-66.47344207763672,121.41617584228516,-82.0341796875,-94.4889907836914,123.22086334228516,-88.77461242675781,-114.94039916992188,127.47842407226562,-78.9891357421875,-137.23602294921875,122.25504302978516,-55.13196563720703,180.00000711006123,180.00000711006123,180.00000711006123,0.0,0.0,0.0,0.0,0.0,0.0,0.0,0.0,0.0,0.0,0.0,0.0,0.0,0.0,0.0,0.0,0.0,0.0,0.0,0.0,0.0,1.0
110087.0,4.532131910324097,59.72395344130291,-89.81471418106366,0.31738520737650155,-92.1803970336914,122.52897644042969,-1.249936580657959,-450.50982666015625,34.12446212768555,181.2758331298828,-31.967472076416016,120.14703369140625,-26.09005355834961,-71.27313232421875,121.33515167236328,-80.2865982055664,-99.43781280517578,122.9836654663086,-86.63361358642578,-119.8653335571289,127.38023376464844,-76.55389404296875,-141.7430877685547,121.85638427734375,-52.372528076171875,180.00000711006123,180.00000711006123,180.00000711006123,0.0,0.0,0.0,0.0,0.0,0.0,0.0,0.0,0.0,0.0,0.0,0.0,0.0,0.0,0.0,0.0,0.0,0.0,0.0,0.0,0.0,1.0
110088.0,4.541378021240234,89.00059660363013,-89.99103551654571,0.5139060004714224,-95.93152618408203,122.48027038574219,0.6089106202125549,-440.7899475097656,23.23944854736328,188.0206298828125,-35.90680694580078,120.21502685546875,-25.103553771972656,-76.26978302001953,121.25434875488281,-78.7631607055664,-104.63521575927734,122.90986633300781,-84.6502456665039,-124.97981262207031,127.29474639892578,-74.22437286376953,-146.35565185546875,121.53308868408203,-49.6805534362793,180.00000711006123,180.00000711006123,180.00000711006123,0.0,0.0,0.0,0.0,0.0,0.0,0.0,0.0,0.0,0.0,0.0,0.0,0.0,0.0,0.0,0.0,0.0,0.0,0.0,0.0,0.0,1.0
110089.0,4.548857927322388,106.41820756787865,-90.16775983319349,0.5693152704296978,-99.69023132324219,122.28560638427734,3.383028507232666,-433.9117736816406,10.899764060974121,220.78414916992188,-39.8770637512207,119.95018005371094,-23.093616485595703,-81.08629608154297,120.99513244628906,-76.26097869873047,-109.59171295166016,122.5047836303711,-81.74874114990234,-129.86793518066406,127.07115173339844,-71.03299713134766,-150.87164306640625,121.22797393798828,-46.171295166015625,180.00000711006123,180.00000711006123,180.00000711006123,0.0,0.0,0.0,0.0,0.0,0.0,0.0,0.0,0.0,0.0,0.0,0.0,0.0,0.0,0.0,0.0,0.0,0.0,0.0,0.0,0.0,1.0
110090.0,4.556581020355225,137.7132262950181,-90.70112248151645,0.6376814093947303,-103.63956451416016,122.80165100097656,7.009132385253906,-435.23150634765625,23.649723052978516,270.7748718261719,-44.019874572753906,120.09105682373047,-20.10387420654297,-85.94279479980469,120.84904479980469,-72.83891296386719,-114.54247283935547,122.36084747314453,-78.0062484741211,-134.7871551513672,127.12577056884766,-67.06520080566406,-155.45761108398438,121.3316650390625,-41.9047737121582,180.00000711006123,180.00000711006123,180.00000711006123,0.0,0.0,0.0,0.0,0.0,0.0,0.0,0.0,0.0,0.0,0.0,0.0,0.0,0.0,0.0,0.0,0.0,0.0,0.0,0.0,0.0,1.0
110091.0,4.564514875411987,149.0269566739653,-91.21068875049332,0.726748144428413,-107.77157592773438,122.7178726196289,10.054231643676758,-441.20001220703125,14.57495403289795,288.95123291015625,-48.017398834228516,119.6978759765625,-17.024839401245117,-90.14448547363281,120.12303924560547,-69.79752349853516,-118.7824935913086,121.64464569091797,-74.94752502441406,-139.10739135742188,126.53047943115234,-63.99678039550781,-159.6683807373047,120.79125213623047,-38.776947021484375,180.00000711006123,180.00000711006123,180.00000711006123,0.0,0.0,0.0,0.0,0.0,0.0,0.0,0.0,0.0,0.0,0.0,0.0,0.0,0.0,0.0,0.0,0.0,0.0,0.0,0.0,0.0,1.0
110092.0,4.573916912078857,153.22470902458463,-90.89575555437705,0.45202240479548905,-109.61510467529297,121.65802001953125,14.229679107666016,-375.4712219238281,-21.75081443786621,336.3553466796875,-50.748043060302734,118.45646667480469,-14.731146812438965,-94.4947280883789,119.45488739013672,-66.15320587158203,-123.27391815185547,121.11602783203125,-70.39315795898438,-143.30831909179688,126.17897033691406,-58.759681701660156,-163.0395050048828,120.31574249267578,-32.95479965209961,180.00000711006123,180.00000711006123,180.00000711006123,0.0,0.0,0.0,0.0,0.0,0.0,0.0,0.0,0.0,0.0,0.0,0.0,0.0,0.0,0.0,0.0,0.0,0.0,0.0,0.0,0.0,1.0
110093.0,4.582589864730835,169.76860218000638,-91.21085950522456,0.21858441212529556,-112.19315338134766,121.26071166992188,16.934289932250977,-350.6744689941406,-27.87546157836914,326.1906433105469,-53.74517822265625,117.75171661376953,-13.036784172058105,-98.56328582763672,118.62488555908203,-63.71102523803711,-127.42992401123047,120.32323455810547,-67.41594696044922,-147.31590270996094,125.66191101074219,-55.40849685668945,-166.51898193359375,119.96013641357422,-29.227128982543945,180.00000711006123,180.00000711006123,180.00000711006123,0.0,0.0,0.0,0.0,0.0,0.0,0.0,0.0,0.0,0.0,0.0,0.0,0.0,0.0,0.0,0.0,0.0,0.0,0.0,0.0,0.0,1.0
110094.0,4.591832876205444,42.15005408664183,-89.69107409526487,0.27962594685235764,-114.48328399658203,119.190185546875,20.500314712524414,-323.98883056640625,-83.34484100341797,345.15374755859375,-56.38710021972656,116.80585479736328,-10.473752975463867,-102.24317932128906,118.70038604736328,-60.41300582885742,-131.14999389648438,120.42723846435547,-63.57341384887695,-150.91156005859375,125.51374053955078,-51.060855865478516,-169.61207580566406,119.09980010986328,-24.724050521850586,180.00000711006123,180.00000711006123,180.00000711006123,0.0,0.0,0.0,0.0,0.0,0.0,0.0,0.0,0.0,0.0,0.0,0.0,0.0,0.0,0.0,0.0,0.0,0.0,0.0,0.0,0.0,1.0
110095.0,4.600651979446411,6.669719075959506,-89.48293773825753,0.0604657044165835,-116.80323028564453,118.21410369873047,24.194841384887695,-305.5387878417969,-90.16490936279297,362.79425048828125,-58.95703887939453,115.9065170288086,-7.437768936157227,-105.5667724609375,117.95852661132812,-56.8688850402832,-134.43557739257812,119.6911392211914,-59.67198181152344,-154.1534881591797,124.98128509521484,-46.858642578125,-172.4999237060547,118.5020523071289,-20.326723098754883,180.00000711006123,180.00000711006123,180.00000711006123,0.0,0.0,0.0,0.0,0.0,0.0,0.0,0.0,0.0,0.0,0.0,0.0,0.0,0.0,0.0,0.0,0.0,0.0,0.0,0.0,0.0,1.0
110096.0,4.609576940536499,-46.41828032993999,-88.8608031202557,-1.197027164840776,-119.22766876220703,116.87611389160156,27.684001922607422,-294.9891052246094,-106.02285766601562,368.86907958984375,-61.53548049926758,113.97383880615234,-4.4667816162109375,-108.83258056640625,117.26808166503906,-53.498355865478516,-137.447265625,119.126220703125,-56.01556396484375,-157.21900939941406,125.25822448730469,-42.86154556274414,-175.38436889648438,118.86699676513672,-16.21097183227539,180.00000711006123,180.00000711006123,180.00000711006123,0.0,0.0,0.0,0.0,0.0,0.0,0.0,0.0,0.0,0.0,0.0,0.0,0.0,0.0,0.0,0.0,0.0,0.0,0.0,0.0,0.0,1.0
110097.0,4.618620872497559,-107.11468196567466,-90.33886290408873,-1.1003700618381984,-122.13470458984375,117.67384338378906,30.814756393432617,-302.6176452636719,-52.55638885498047,363.0226745605469,-63.99881362915039,114.20929718017578,-0.9246174097061157,-111.44971466064453,115.98607635498047,-50.328407287597656,-139.96202087402344,117.4676284790039,-52.98802185058594,-160.01068115234375,124.17716979980469,-39.99795913696289,-178.1853790283203,118.422607421875,-13.251336097717285,180.00000711006123,180.00000711006123,180.00000711006123,0.0,0.0,0.0,0.0,0.0,0.0,0.0,0.0,0.0,0.0,0.0,0.0,0.0,0.0,0.0,0.0,0.0,0.0,0.0,0.0,0.0,1.0
110098.0,4.627316951751709,-108.54333899066432,-91.06320447402368,-3.1667465958719987,-125.6077880859375,118.0546875,34.018943786621094,-325.05242919921875,-26.453908920288086,360.6035461425781,-65.981689453125,113.26170349121094,3.632035255432129,-114.0460433959961,114.91551208496094,-46.98875427246094,-142.46328735351562,117.06092071533203,-49.963687896728516,-162.61181640625,124.95038604736328,-37.22529983520508,-181.21218872070312,120.27924346923828,-10.58591079711914,180.00000711006123,180.00000711006123,180.00000711006123,0.0,0.0,0.0,0.0,0.0,0.0,0.0,0.0,0.0,0.0,0.0,0.0,0.0,0.0,0.0,0.0,0.0,0.0,0.0,0.0,0.0,1.0
110099.0,4.636559009552002,-116.44131221638418,-92.50110274506824,-5.019649513608329,-129.37136840820312,118.11441040039062,38.137596130371094,-349.9403381347656,-17.324981689453125,386.48974609375,-68.13861846923828,111.24720001220703,10.220032691955566,-115.28333282470703,112.58814239501953,-42.393310546875,-143.6553192138672,115.13581848144531,-46.26712417602539,-164.21316528320312,123.8172378540039,-34.29674530029297,-183.71038818359375,121.0125732421875,-8.060440063476562,180.00000711006123,180.00000711006123,180.00000711006123,0.0,0.0,0.0,0.0,0.0,0.0,0.0,0.0,0.0,0.0,0.0,0.0,0.0,0.0,0.0,0.0,0.0,0.0,0.0,0.0,0.0,1.0
110100.0,4.645160913467407,-124.85075050369232,-94.56525423823223,-6.5414826996824615,-132.68894958496094,119.86486053466797,41.72095489501953,-354.9940490722656,40.83369827270508,389.6087951660156,-70.14511108398438,110.81718444824219,16.217418670654297,-116.2831039428711,111.05070495605469,-38.14678192138672,-144.7585906982422,113.75433349609375,-42.85169982910156,-165.88087463378906,123.08357238769531,-31.66301918029785,-185.93104553222656,122.48649597167969,-5.875442028045654,180.00000711006123,180.00000711006123,180.00000711006123,0.0,0.0,0.0,0.0,0.0,0.0,0.0,0.0,0.0,0.0,0.0,0.0,0.0,0.0,0.0,0.0,0.0,0.0,0.0,0.0,0.0,1.0
110101.0,4.656369924545288,-119.35272136522144,-94.75792704677815,-8.418670995626485,-132.35755920410156,118.8344497680664,45.217193603515625,-246.7511749267578,-1.853753924369812,388.43011474609375,-69.49815368652344,108.44116973876953,19.463653564453125,-116.9221420288086,109.44365692138672,-34.84901809692383,-145.72352600097656,112.90332794189453,-39.16545486450195,-166.96141052246094,122.31392669677734,-27.53233528137207,-186.26902770996094,123.37800598144531,-1.5725880861282349,180.00000711006123,180.00000711006123,180.00000711006123,0.0,0.0,0.0,0.0,0.0,0.0,0.0,0.0,0.0,0.0,0.0,0.0,0.0,0.0,0.0,0.0,0.0,0.0,0.0,0.0,0.0,1.0
110102.0,4.662824869155884,-118.7699559580551,-95.64918478159825,-10.2125373860261,-130.915283203125,118.23350524902344,49.913597106933594,-134.9105987548828,-19.673566818237305,424.870361328125,-68.23487854003906,106.71160888671875,23.41946792602539,-116.92407989501953,107.54598999023438,-30.32361602783203,-146.02423095703125,111.55870819091797,-34.10749816894531,-167.2313690185547,121.37675476074219,-22.03966522216797,-185.64015197753906,124.13907623291016,4.1534600257873535,180.00000711006123,180.00000711006123,180.00000711006123,0.0,0.0,0.0,0.0,0.0,0.0,0.0,0.0,0.0,0.0,0.0,0.0,0.0,0.0,0.0,0.0,0.0,0.0,0.0,0.0,0.0,1.0
110103.0,4.672127962112427,-115.39362948736652,-95.30275075266218,-11.063207575003275,-132.69949340820312,117.16484069824219,53.90599060058594,-152.14703369140625,-46.838470458984375,429.5564880371094,-68.8442153930664,105.80547332763672,29.48258399963379,-116.26251983642578,106.43291473388672,-25.914148330688477,-145.4479522705078,110.20158386230469,-30.446849822998047,-167.41769409179688,120.62198638916016,-18.879545211791992,-186.14324951171875,123.8589859008789,6.694409370422363,180.00000711006123,180.00000711006123,180.00000711006123,0.0,0.0,0.0,0.0,0.0,0.0,0.0,0.0,0.0,0.0,0.0,0.0,0.0,0.0,0.0,0.0,0.0,0.0,0.0,0.0,0.0,1.0
110104.0,4.680763006210327,-113.74430270809626,-96.46163579285485,-14.43815434746341,-134.58612060546875,119.5561294555664,54.47011184692383,-167.75306701660156,38.9777717590332,328.4084777832031,-69.06519317626953,106.02452850341797,33.662723541259766,-115.17334747314453,105.36213684082031,-24.256532669067383,-144.66993713378906,109.61795043945312,-29.858423233032227,-166.74911499023438,122.71768188476562,-19.535564422607422,-186.05186462402344,128.078369140625,5.243149757385254,180.00000711006123,180.00000711006123,180.00000711006123,0.0,0.0,0.0,0.0,0.0,0.0,0.0,0.0,0.0,0.0,0.0,0.0,0.0,0.0,0.0,0.0,0.0,0.0,0.0,0.0,0.0,1.0
110105.0,4.689636945724487,-114.3017895848493,-97.27216069074302,-15.780259214280363,-135.7841796875,119.73641204833984,56.376007080078125,-158.12889099121094,33.75013732910156,296.16265869140625,-68.55736541748047,106.03070831298828,39.460296630859375,-113.11985778808594,103.20297241210938,-21.057178497314453,-142.59524536132812,106.90235137939453,-27.816688537597656,-164.994140625,121.51338958740234,-18.91961097717285,-185.14364624023438,128.14662170410156,4.901405334472656,180.00000711006123,180.00000711006123,180.00000711006123,0.0,0.0,0.0,0.0,0.0,0.0,0.0,0.0,0.0,0.0,0.0,0.0,0.0,0.0,0.0,0.0,0.0,0.0,0.0,0.0,0.0,1.0
110106.0,4.6984288692474365,-118.38023901984343,-97.51547935257577,-13.722822650922524,-132.56317138671875,114.64450073242188,57.77326965332031,-16.315155029296875,-130.77761840820312,257.0437927246094,-63.88031768798828,105.28004455566406,43.245018005371094,-106.83534240722656,97.94209289550781,-18.680299758911133,-137.203125,100.43669891357422,-26.32731056213379,-159.31570434570312,114.50489807128906,-18.435861587524414,-180.7996826171875,120.59368896484375,4.822120666503906,180.00000711006123,180.00000711006123,180.00000711006123,0.0,0.0,0.0,0.0,0.0,0.0,0.0,0.0,0.0,0.0,0.0,0.0,0.0,0.0,0.0,0.0,0.0,0.0,0.0,0.0,0.0,1.0
110107.0,4.707497835159302,-112.18027133217674,-96.94572545593019,-16.636807634880597,-131.22276306152344,114.9854736328125,62.65155792236328,29.049135208129883,-84.34703826904297,334.9576721191406,-62.633174896240234,104.03194427490234,47.7478141784668,-106.90090942382812,97.96027374267578,-14.207015991210938,-137.9925079345703,101.36595916748047,-21.313684463500977,-158.3006591796875,117.50772094726562,-13.386370658874512,-179.67274475097656,124.50921630859375,10.295753479003906,180.00000711006123,180.00000711006123,180.00000711006123,0.0,0.0,0.0,0.0,0.0,0.0,0.0,0.0,0.0,0.0,0.0,0.0,0.0,0.0,0.0,0.0,0.0,0.0,0.0,0.0,0.0,1.0
110108.0,4.716007947921753,-105.44878514728453,-95.66083025426906,-19.731395629206645,-131.52273559570312,114.59864044189453,67.37909698486328,11.896714210510254,-72.89118194580078,386.76263427734375,-62.6866569519043,101.59227752685547,54.25533676147461,-106.08462524414062,97.53900909423828,-9.150653839111328,-137.60874938964844,101.50250244140625,-16.59849739074707,-156.42092895507812,119.9000473022461,-9.246978759765625,-178.39219665527344,127.87129974365234,14.239213943481445,180.00000711006123,180.00000711006123,180.00000711006123,0.0,0.0,0.0,0.0,0.0,0.0,0.0,0.0,0.0,0.0,0.0,0.0,0.0,0.0,0.0,0.0,0.0,0.0,0.0,0.0,0.0,1.0
110109.0,4.725199937820435,-101.65465600018933,-94.4241971698466,-20.561243132482332,-128.6939697265625,112.52531433105469,72.7756118774414,94.892578125,-116.06390380859375,444.9133605957031,-59.72374725341797,99.29411315917969,59.379642486572266,-103.66278076171875,96.64408111572266,-4.180542469024658,-135.6393280029297,100.72000885009766,-11.245695114135742,-153.6645050048828,120.13134765625,-3.6233701705932617,-175.9476776123047,128.173095703125,20.395566940307617,180.00000711006123,180.00000711006123,180.00000711006123,0.0,0.0,0.0,0.0,0.0,0.0,0.0,0.0,0.0,0.0,0.0,0.0,0.0,0.0,0.0,0.0,0.0,0.0,0.0,0.0,0.0,1.0
110110.0,4.734869003295898,-103.18946099630921,-94.28898674345874,-17.745531765223177,-123.57769775390625,110.04634857177734,77.48969268798828,224.6043243408203,-159.5523681640625,465.6795349121094,-54.32954788208008,100.29891204833984,62.246498107910156,-99.8207015991211,95.31474304199219,-0.12136992812156677,-132.3003387451172,98.4974136352539,-6.377213001251221,-150.79510498046875,117.29745483398438,1.8347201347351074,-173.191162109375,124.2357177734375,26.72626495361328,180.00000711006123,180.00000711006123,180.00000711006123,0.0,0.0,0.0,0.0,0.0,0.0,0.0,0.0,0.0,0.0,0.0,0.0,0.0,0.0,0.0,0.0,0.0,0.0,0.0,0.0,0.0,1.0
110111.0,4.744024038314819,-102.83142930602708,-94.3110345943569,-18.312676529575356,-122.79205322265625,110.49185943603516,81.4891586303711,186.69619750976562,-102.02130889892578,459.3670654296875,-53.00141906738281,100.18054962158203,68.05220031738281,-97.34264373779297,94.43380737304688,4.632358074188232,-129.8970489501953,97.48980712890625,-2.244859218597412,-148.3016815185547,117.52574157714844,5.227251052856445,-171.66473388671875,125.27851104736328,29.902416229248047,180.00000711006123,180.00000711006123,180.00000711006123,0.0,0.0,0.0,0.0,0.0,0.0,0.0,0.0,0.0,0.0,0.0,0.0,0.0,0.0,0.0,0.0,0.0,0.0,0.0,0.0,0.0,1.0
110112.0,4.752692937850952,-103.78473247999182,-94.24302639999723,-16.825163763820683,-120.61688995361328,108.9459457397461,84.37849426269531,201.6582489013672,-121.09375762939453,421.0766906738281,-49.952056884765625,100.57752990722656,72.66057586669922,-93.18978118896484,92.74696350097656,8.2052001953125,-125.65970611572266,94.62284088134766,0.758283257484436,-144.83656311035156,114.97233581542969,7.616639137268066,-169.37039184570312,122.58831024169922,32.0977668762207,180.00000711006123,180.00000711006123,180.00000711006123,0.0,0.0,0.0,0.0,0.0,0.0,0.0,0.0,0.0,0.0,0.0,0.0,0.0,0.0,0.0,0.0,0.0,0.0,0.0,0.0,0.0,1.0
110113.0,4.7624428272247314,-108.60817797721211,-94.18375401768799,-12.257550688912318,-120.9146957397461,104.54167938232422,86.60745239257812,136.9479217529297,-221.9438934326172,372.8584899902344,-48.80594253540039,101.86474609375,79.2880859375,-88.06440734863281,89.48831176757812,12.347630500793457,-120.20841217041016,88.93499755859375,3.0559165477752686,-141.39041137695312,107.58997344970703,8.595235824584961,-168.0315399169922,113.67365264892578,31.761539459228516,180.00000711006123,180.00000711006123,180.00000711006123,0.0,0.0,0.0,0.0,0.0,0.0,0.0,0.0,0.0,0.0,0.0,0.0,0.0,0.0,0.0,0.0,0.0,0.0,0.0,0.0,0.0,1.0
110114.0,4.7714338302612305,-117.98867793053432,-94.93913196757376,-9.235836545012717,-118.71270751953125,100.64181518554688,88.67671203613281,166.24468994140625,-279.5189514160156,332.9674377441406,-45.83063507080078,101.55448913574219,84.2933120727539,-82.66065979003906,85.95558166503906,15.828839302062988,-114.38119506835938,83.94746398925781,5.406671524047852,-136.8362274169922,101.06694793701172,10.029253005981445,-164.84791564941406,105.312744140625,32.344181060791016,180.00000711006123,180.00000711006123,180.00000711006123,0.0,0.0,0.0,0.0,0.0,0.0,0.0,0.0,0.0,0.0,0.0,0.0,0.0,0.0,0.0,0.0,0.0,0.0,0.0,0.0,0.0,1.0
110115.0,4.779948949813843,-131.50172924789786,-96.14403199274193,-6.936793562889676,-115.3894271850586,97.86048889160156,90.17938232421875,221.6387939453125,-287.12176513671875,286.8417053222656,-41.53498077392578,100.69658660888672,88.50508880615234,-77.18883514404297,82.9931411743164,18.466161727905273,-108.66275787353516,80.5214614868164,7.11451530456543,-131.8517608642578,95.62054443359375,11.199049949645996,-160.9672393798828,97.37347412109375,33.10493087768555,180.00000711006123,180.00000711006123,180.00000711006123,0.0,0.0,0.0,0.0,0.0,0.0,0.0,0.0,0.0,0.0,0.0,0.0,0.0,0.0,0.0,0.0,0.0,0.0,0.0,0.0,0.0,1.0
110116.0,4.789132833480835,-143.72718060865736,-97.34964235759207,-5.4071517629557775,-111.14601135253906,96.10897064208984,92.43346405029297,290.2278747558594,-261.70404052734375,276.83294677734375,-36.39494323730469,99.95333862304688,93.83516693115234,-70.77722930908203,80.7082748413086,22.032690048217773,-102.68080139160156,78.65132904052734,9.4418363571167,-125.65193176269531,91.67616271972656,13.14905071258545,-155.59962463378906,90.92850494384766,34.677207946777344,180.00000711006123,180.00000711006123,180.00000711006123,0.0,0.0,0.0,0.0,0.0,0.0,0.0,0.0,0.0,0.0,0.0,0.0,0.0,0.0,0.0,0.0,0.0,0.0,0.0,0.0,0.0,1.0
110117.0,4.798274040222168,-152.65415599579683,-99.29888274681844,-4.840063347664909,-105.98851013183594,94.57269287109375,94.37030792236328,367.4707336425781,-236.40521240234375,259.5765075683594,-30.551166534423828,98.49504852294922,98.44808959960938,-63.928611755371094,77.21199035644531,25.43153190612793,-97.17655181884766,76.75350952148438,11.380849838256836,-118.78602600097656,87.0834732055664,15.017989158630371,-149.33712768554688,85.1646957397461,36.31049346923828,180.00000711006123,180.00000711006123,180.00000711006123,0.0,0.0,0.0,0.0,0.0,0.0,0.0,0.0,0.0,0.0,0.0,0.0,0.0,0.0,0.0,0.0,0.0,0.0,0.0,0.0,0.0,1.0
110118.0,4.807109832763672,-157.05469666524095,-100.43010552054966,-4.455997110396908,-101.35629272460938,93.49239349365234,97.20674896240234,407.65704345703125,-204.31820678710938,274.6753845214844,-25.461639404296875,97.51610565185547,103.66331481933594,-57.890159606933594,75.2396469116211,29.392515182495117,-91.89263916015625,75.11756134033203,14.393241882324219,-112.60627746582031,84.1851806640625,17.809049606323242,-143.51141357421875,81.15994262695312,38.888885498046875,180.00000711006123,180.00000711006123,180.00000711006123,0.0,0.0,0.0,0.0,0.0,0.0,0.0,0.0,0.0,0.0,0.0,0.0,0.0,0.0,0.0,0.0,0.0,0.0,0.0,0.0,0.0,1.0
110119.0,4.816481828689575,-162.05752342272717,-101.91520039930992,-3.90878753403058,-95.85735321044922,92.56399536132812,99.8040771484375,462.66082763671875,-176.18380737304688,277.9735107421875,-19.48727035522461,97.04013061523438,107.72199249267578,-51.9809684753418,73.39510345458984,32.55051803588867,-86.43985748291016,72.97764587402344,17.257307052612305,-106.5494613647461,80.98297119140625,20.62383270263672,-137.41165161132812,77.317138671875,41.83163833618164,180.00000711006123,180.00000711006123,180.00000711006123,0.0,0.0,0.0,0.0,0.0,0.0,0.0,0.0,0.0,0.0,0.0,0.0,0.0,0.0,0.0,0.0,0.0,0.0,0.0,0.0,0.0,1.0
110120.0,4.825347900390625,-166.30691200407455,-102.83703006121186,-3.177834981232124,-90.83130645751953,91.80781555175781,103.11186218261719,488.133544921875,-150.5953369140625,302.0580139160156,-14.288742065429688,96.9495620727539,111.58599853515625,-46.8781852722168,72.49836730957031,36.005157470703125,-81.32038879394531,71.29894256591797,20.806631088256836,-101.23004150390625,78.77186584472656,24.120637893676758,-132.0574188232422,74.63105773925781,45.479515075683594,180.00000711006123,180.00000711006123,180.00000711006123,0.0,0.0,0.0,0.0,0.0,0.0,0.0,0.0,0.0,0.0,0.0,0.0,0.0,0.0,0.0,0.0,0.0,0.0,0.0,0.0,0.0,1.0
110121.0,4.834275007247925,-168.6191086500321,-103.72144394640372,-2.8137436324249876,-86.35787200927734,91.14737701416016,106.14680480957031,490.7009582519531,-129.427978515625,311.7867736816406,-9.845720291137695,96.73855590820312,115.95840454101562,-41.615909576416016,71.58900451660156,39.70297622680664,-75.65001678466797,69.71735382080078,24.219898223876953,-95.47798156738281,76.6478271484375,27.26580238342285,-126.60125732421875,72.4437484741211,48.306514739990234,180.00000711006123,180.00000711006123,180.00000711006123,0.0,0.0,0.0,0.0,0.0,0.0,0.0,0.0,0.0,0.0,0.0,0.0,0.0,0.0,0.0,0.0,0.0,0.0,0.0,0.0,0.0,1.0
110122.0,4.8432018756866455,-172.10385754487106,-104.25372059463598,-2.0178731190155474,-82.33638000488281,90.1317138671875,109.0472412109375,478.1094055175781,-124.73311614990234,314.31195068359375,-6.090455532073975,97.09248352050781,121.11143493652344,-35.80703353881836,71.04682922363281,43.76686477661133,-69.24650573730469,68.28829193115234,27.576993942260742,-89.11896514892578,74.60496520996094,30.13313102722168,-120.69666290283203,70.00291442871094,50.41220474243164,180.00000711006123,180.00000711006123,180.00000711006123,0.0,0.0,0.0,0.0,0.0,0.0,0.0,0.0,0.0,0.0,0.0,0.0,0.0,0.0,0.0,0.0,0.0,0.0,0.0,0.0,0.0,1.0
110123.0,4.852179050445557,-173.26127409437504,-104.98740586346457,-1.8118090841152679,-77.93902587890625,89.91864013671875,111.82514953613281,480.0528564453125,-96.77106475830078,312.1477355957031,-1.8846619129180908,97.21978759765625,125.20252227783203,-30.553382873535156,70.54640197753906,47.32074737548828,-63.50835037231445,67.2642822265625,30.803354263305664,-83.36051940917969,73.2772445678711,33.03584671020508,-115.21796417236328,68.70917510986328,52.87459182739258,180.00000711006123,180.00000711006123,180.00000711006123,0.0,0.0,0.0,0.0,0.0,0.0,0.0,0.0,0.0,0.0,0.0,0.0,0.0,0.0,0.0,0.0,0.0,0.0,0.0,0.0,0.0,1.0
110124.0,4.86138391494751,-174.5979831116847,-105.77127936290026,-1.5298662356837767,-73.50896453857422,89.716552734375,114.84710693359375,483.01409912109375,-76.29722595214844,318.38446044921875,2.434041738510132,97.37193298339844,129.43820190429688,-25.433805465698242,69.93836975097656,51.04176712036133,-58.035396575927734,66.37527465820312,34.2086067199707,-77.83804321289062,71.91366577148438,36.247371673583984,-109.89750671386719,67.37179565429688,55.759849548339844,180.00000711006123,180.00000711006123,180.00000711006123,0.0,0.0,0.0,0.0,0.0,0.0,0.0,0.0,0.0,0.0,0.0,0.0,0.0,0.0,0.0,0.0,0.0,0.0,0.0,0.0,0.0,1.0
110125.0,4.870344877243042,-176.48381202391647,-105.78117630712313,-0.9948842989000894,-70.09574890136719,89.09761810302734,117.48278045654297,453.45361328125,-74.05870819091797,310.6552734375,5.277546405792236,97.5264663696289,134.5767364501953,-20.074588775634766,70.25724792480469,54.97206115722656,-51.94169235229492,66.23404693603516,37.2669677734375,-71.76908111572266,71.16510772705078,38.812747955322266,-104.30117797851562,66.08858489990234,57.3565788269043,180.00000711006123,180.00000711006123,180.00000711006123,0.0,0.0,0.0,0.0,0.0,0.0,0.0,0.0,0.0,0.0,0.0,0.0,0.0,0.0,0.0,0.0,0.0,0.0,0.0,0.0,0.0,1.0
110126.0,4.8793439865112305,-176.3015142728409,-106.25779374315925,-1.0799302936215227,-66.25724792480469,89.74761199951172,120.64081573486328,446.03887939453125,-33.89109420776367,321.6941223144531,8.791600227355957,98.09345245361328,139.35513305664062,-15.368229866027832,70.75724792480469,58.978065490722656,-46.584041595458984,66.48577880859375,40.89509963989258,-66.38694763183594,71.10509490966797,42.12077713012695,-99.21238708496094,66.13721466064453,60.05318832397461,180.00000711006123,180.00000711006123,180.00000711006123,0.0,0.0,0.0,0.0,0.0,0.0,0.0,0.0,0.0,0.0,0.0,0.0,0.0,0.0,0.0,0.0,0.0,0.0,0.0,0.0,0.0,1.0
110127.0,4.888595819473267,-175.15400149774905,-106.36035586493335,-1.42572015033398,-61.152950286865234,90.23152160644531,124.10200500488281,478.7117004394531,-9.795917510986328,338.54632568359375,13.967015266418457,97.72583770751953,142.91287231445312,-10.840217590332031,71.04400634765625,62.13364791870117,-41.71638870239258,66.88117980957031,44.31937789916992,-61.50890350341797,71.36933898925781,45.637786865234375,-94.27974700927734,66.80200958251953,63.54184341430664,180.00000711006123,180.00000711006123,180.00000711006123,0.0,0.0,0.0,0.0,0.0,0.0,0.0,0.0,0.0,0.0,0.0,0.0,0.0,0.0,0.0,0.0,0.0,0.0,0.0,0.0,0.0,1.0
110128.0,4.897423028945923,-178.1893376003336,-105.82161785767084,-0.5132609744741501,-56.24293518066406,90.24501037597656,128.57318115234375,496.79791259765625,-6.6900715827941895,381.8001403808594,18.55061149597168,98.1127700805664,147.26524353027344,-6.078638553619385,72.54766082763672,66.16926574707031,-36.426612854003906,68.07454681396484,48.545066833496094,-56.314414978027344,72.06311798095703,49.94623565673828,-88.86428833007812,67.17208099365234,67.62602996826172,180.00000711006123,180.00000711006123,180.00000711006123,0.0,0.0,0.0,0.0,0.0,0.0,0.0,0.0,0.0,0.0,0.0,0.0,0.0,0.0,0.0,0.0,0.0,0.0,0.0,0.0,0.0,1.0
110129.0,4.905935049057007,178.58488752016456,-105.31897057040396,0.3877088358918268,-51.01133728027344,89.90762329101562,131.98219299316406,518.9569702148438,-15.12332534790039,380.1920471191406,23.290246963500977,97.74950408935547,149.80767822265625,-1.2655779123306274,73.55564880371094,69.0113754272461,-31.079923629760742,68.8319091796875,51.68222427368164,-51.0993766784668,72.37910461425781,53.202972412109375,-83.29961395263672,67.30863952636719,70.72480773925781,180.00000711006123,180.00000711006123,180.00000711006123,0.0,0.0,0.0,0.0,0.0,0.0,0.0,0.0,0.0,0.0,0.0,0.0,0.0,0.0,0.0,0.0,0.0,0.0,0.0,0.0,0.0,1.0
110130.0,4.914975881576538,174.40787162410743,-105.33999389291466,1.5385501809845792,-46.418643951416016,89.9328384399414,134.6213836669922,515.8538208007812,-10.184060096740723,355.80279541015625,27.07014274597168,98.07671356201172,152.3602752685547,3.7676641941070557,74.7325439453125,71.83011627197266,-25.32606315612793,69.3797607421875,54.479469299316406,-45.48786544799805,72.39503479003906,55.84432601928711,-77.45882415771484,66.99134063720703,72.91065979003906,180.00000711006123,180.00000711006123,180.00000711006123,0.0,0.0,0.0,0.0,0.0,0.0,0.0,0.0,0.0,0.0,0.0,0.0,0.0,0.0,0.0,0.0,0.0,0.0,0.0,0.0,0.0,1.0
110131.0,4.923841953277588,171.75774453482973,-105.1259767429633,2.242294354741574,-41.759849548339844,90.00011444091797,137.1077880859375,516.2351684570312,-5.333643436431885,333.8904113769531,31.146419525146484,98.25379943847656,155.015869140625,8.735119819641113,75.90522003173828,74.40355682373047,-19.72064208984375,70.16671752929688,57.03543472290039,-40.02584457397461,72.80921173095703,58.258975982666016,-71.80863952636719,67.34285736083984,74.85016632080078,180.00000711006123,180.00000711006123,180.00000711006123,0.0,0.0,0.0,0.0,0.0,0.0,0.0,0.0,0.0,0.0,0.0,0.0,0.0,0.0,0.0,0.0,0.0,0.0,0.0,0.0,0.0,1.0
110132.0,4.933024883270264,169.7731101049112,-105.1761786339489,2.801624955705222,-37.4603385925293,90.43501281738281,139.2296905517578,504.35430908203125,9.39205265045166,306.1312255859375,34.956573486328125,99.06208038330078,157.60044860839844,13.487141609191895,77.14016723632812,76.7952651977539,-14.336387634277344,71.01311492919922,59.35201644897461,-34.78458023071289,73.26924896240234,60.393367767333984,-66.45394897460938,67.78815460205078,76.51237487792969,180.00000711006123,180.00000711006123,180.00000711006123,0.0,0.0,0.0,0.0,0.0,0.0,0.0,0.0,0.0,0.0,0.0,0.0,0.0,0.0,0.0,0.0,0.0,0.0,0.0,0.0,0.0,1.0
110133.0,4.941774845123291,169.76977697255734,-105.67180448666704,2.8985767173409016,-33.56986618041992,91.45794677734375,140.65338134765625,484.0810852050781,37.99734878540039,265.2316589355469,38.40567398071289,100.26814270019531,159.78912353515625,18.027910232543945,78.09800720214844,78.83545684814453,-9.181547164916992,71.74449920654297,61.208396911621094,-29.751590728759766,73.72117614746094,61.983924865722656,-61.41531753540039,68.48229217529297,77.58397674560547,180.00000711006123,180.00000711006123,180.00000711006123,0.0,0.0,0.0,0.0,0.0,0.0,0.0,0.0,0.0,0.0,0.0,0.0,0.0,0.0,0.0,0.0,0.0,0.0,0.0,0.0,0.0,1.0
110134.0,4.950922012329102,168.60680064900407,-105.74506509655976,3.251678291645206,-29.56743812561035,92.10437774658203,142.19564819335938,473.052978515625,47.266387939453125,239.34228515625,42.009315490722656,101.33539581298828,162.01234436035156,22.63362693786621,79.3233871459961,80.81011199951172,-4.046717166900635,72.92982482910156,62.94536590576172,-24.767513275146484,74.42975616455078,63.555477142333984,-56.29812240600586,69.13982391357422,78.7033462524414,180.00000711006123,180.00000711006123,180.00000711006123,0.0,0.0,0.0,0.0,0.0,0.0,0.0,0.0,0.0,0.0,0.0,0.0,0.0,0.0,0.0,0.0,0.0,0.0,0.0,0.0,0.0,1.0
110135.0,4.9601149559021,166.59662131129153,-105.48990288656796,3.7783343344551668,-25.72037696838379,92.60745239257812,143.89053344726562,459.9488830566406,49.575374603271484,225.04324340820312,45.42705154418945,102.4280014038086,164.50439453125,27.18451690673828,80.94078063964844,82.92034149169922,0.9916229248046875,74.58393096923828,64.72929382324219,-19.860029220581055,75.51527404785156,65.1800537109375,-51.230464935302734,69.913330078125,79.8646240234375,180.00000711006123,180.00000711006123,180.00000711006123,0.0,0.0,0.0,0.0,0.0,0.0,0.0,0.0,0.0,0.0,0.0,0.0,0.0,0.0,0.0,0.0,0.0,0.0,0.0,0.0,0.0,1.0
110136.0,4.968930006027222,166.03105432065604,-105.49634375503047,3.9453303271771745,-21.076961517333984,93.6181640625,145.51455688476562,474.4649963378906,66.69078063964844,212.3988800048828,49.9594841003418,103.50879669189453,166.133056640625,31.76694679260254,82.2839584350586,84.45706939697266,5.790109157562256,76.09727478027344,66.25445556640625,-15.215170860290527,76.76341247558594,66.72526550292969,-46.279476165771484,71.09912872314453,81.3646240234375,180.00000711006123,180.00000711006123,180.00000711006123,0.0,0.0,0.0,0.0,0.0,0.0,0.0,0.0,0.0,0.0,0.0,0.0,0.0,0.0,0.0,0.0,0.0,0.0,0.0,0.0,0.0,1.0
110137.0,4.977803945541382,165.54751790290993,-105.6020272732917,4.116490600907383,-17.607282638549805,94.25347137451172,146.01463317871094,449.6065368652344,67.69783020019531,169.1564483642578,52.89877700805664,104.60555267333984,167.90621948242188,36.34872055053711,83.4771957397461,85.85372161865234,10.888274192810059,77.4465560913086,67.12736511230469,-10.24267292022705,77.60789489746094,67.28163146972656,-41.24087142944336,71.8558120727539,81.28630828857422,180.00000711006123,180.00000711006123,180.00000711006123,0.0,0.0,0.0,0.0,0.0,0.0,0.0,0.0,0.0,0.0,0.0,0.0,0.0,0.0,0.0,0.0,0.0,0.0,0.0,0.0,0.0,1.0
110138.0,4.986709833145142,165.34937411277497,-105.7570042673683,4.218710359445339,-13.881542205810547,94.9281997680664,146.60142517089844,439.04998779296875,69.57498168945312,140.34536743164062,56.14912796020508,105.6523666381836,169.58982849121094,41.04011535644531,84.56230163574219,87.25483703613281,16.00278663635254,78.67440795898438,68.07804870605469,-5.2534942626953125,78.46493530273438,67.92766571044922,-36.174964904785156,72.58464050292969,81.4224853515625,180.00000711006123,180.00000711006123,180.00000711006123,0.0,0.0,0.0,0.0,0.0,0.0,0.0,0.0,0.0,0.0,0.0,0.0,0.0,0.0,0.0,0.0,0.0,0.0,0.0,0.0,0.0,1.0
110139.0,4.995798826217651,168.36641896854871,-107.29826379232918,3.668673511616447,-10.653839111328125,97.70996856689453,147.96937561035156,416.90399169921875,135.32412719726562,143.52194213867188,58.91110610961914,108.65965270996094,172.0596160888672,45.329872131347656,85.79241943359375,89.92543029785156,20.7318172454834,79.8170394897461,70.35956573486328,-0.6598303318023682,79.64061737060547,69.76715850830078,-31.568511962890625,74.11328125,82.82085418701172,180.00000711006123,180.00000711006123,180.00000711006123,0.0,0.0,0.0,0.0,0.0,0.0,0.0,0.0,0.0,0.0,0.0,0.0,0.0,0.0,0.0,0.0,0.0,0.0,0.0,0.0,0.0,1.0
110140.0,5.0049729347229,165.6926457640884,-106.6299707553776,4.356040278934756,-5.931681156158447,97.06299591064453,147.86761474609375,446.0361328125,78.31716918945312,100.88080596923828,63.353981018066406,108.57504272460938,172.34910583496094,50.3575439453125,86.83429718017578,89.79998779296875,26.051237106323242,80.9361343383789,70.08892822265625,4.506351947784424,80.39328002929688,69.38382720947266,-26.351032257080078,74.71865844726562,82.08642578125,180.00000711006123,180.00000711006123,180.00000711006123,0.0,0.0,0.0,0.0,0.0,0.0,0.0,0.0,0.0,0.0,0.0,0.0,0.0,0.0,0.0,0.0,0.0,0.0,0.0,0.0,0.0,1.0
110141.0,5.013912916183472,161.59241485557686,-105.81264298899669,5.384396133696612,-2.03950572013855,95.79635620117188,147.9673309326172,441.91680908203125,18.128747940063477,76.14595794677734,66.82537841796875,108.25405883789062,173.03904724121094,54.761505126953125,87.87023162841797,90.0234603881836,30.788663864135742,81.80770874023438,70.10608673095703,9.089277267456055,80.85589599609375,69.20205688476562,-21.788806915283203,74.77040100097656,81.49020385742188,180.00000711006123,180.00000711006123,180.00000711006123,0.0,0.0,0.0,0.0,0.0,0.0,0.0,0.0,0.0,0.0,0.0,0.0,0.0,0.0,0.0,0.0,0.0,0.0,0.0,0.0,0.0,1.0
110142.0,5.0232648849487305,161.2048152760326,-106.91276791107384,5.908177734049502,0.9554893374443054,95.85665130615234,145.91075134277344,411.13238525390625,14.959099769592285,-7.564259052276611,69.09443664550781,109.6826171875,172.11387634277344,59.10003662109375,88.11639404296875,89.23894500732422,35.57145690917969,81.75374603271484,68.79896545410156,13.806805610656738,79.8987045288086,67.59349060058594,-17.190359115600586,73.81926727294922,79.29363250732422,180.00000711006123,180.00000711006123,180.00000711006123,0.0,0.0,0.0,0.0,0.0,0.0,0.0,0.0,0.0,0.0,0.0,0.0,0.0,0.0,0.0,0.0,0.0,0.0,0.0,0.0,0.0,1.0
110143.0,5.032174825668335,162.81887095801721,-107.52419279233209,5.576175041224474,2.9563112258911133,96.9195556640625,144.70773315429688,358.8197021484375,43.242435455322266,-42.15778732299805,70.32999420166016,111.05572509765625,172.5785675048828,62.678070068359375,89.1471939086914,89.65674591064453,39.60874557495117,82.92369842529297,68.48350524902344,17.779855728149414,80.64581298828125,66.776611328125,-13.321828842163086,74.40067291259766,77.78543090820312,180.00000711006123,180.00000711006123,180.00000711006123,0.0,0.0,0.0,0.0,0.0,0.0,0.0,0.0,0.0,0.0,0.0,0.0,0.0,0.0,0.0,0.0,0.0,0.0,0.0,0.0,0.0,1.0
110144.0,5.041311979293823,166.69083694180244,-108.24467530534093,4.458960985644467,5.088626384735107,99.10157012939453,144.38180541992188,325.2766418457031,97.9244613647461,-40.51685333251953,72.08140563964844,112.6004409790039,173.3860321044922,65.82949829101562,90.2551498413086,90.57219696044922,42.97644805908203,84.22240447998047,68.90811920166016,21.0173282623291,82.20519256591797,66.75762939453125,-10.14498519897461,76.1214599609375,77.38653564453125,180.00000711006123,180.00000711006123,180.00000711006123,0.0,0.0,0.0,0.0,0.0,0.0,0.0,0.0,0.0,0.0,0.0,0.0,0.0,0.0,0.0,0.0,0.0,0.0,0.0,0.0,0.0,1.0
110145.0,5.050036907196045,168.68452820266612,-107.91081565481363,3.70030497180565,7.081593990325928,99.8904037475586,143.41482543945312,296.01080322265625,94.86796569824219,-58.769676208496094,73.60344696044922,112.67069244384766,173.73126220703125,68.81944274902344,91.40282440185547,90.64063262939453,46.185203552246094,85.59544372558594,68.43524932861328,24.18527603149414,83.70396423339844,65.85796356201172,-7.161503791809082,77.7088851928711,75.90143585205078,180.00000711006123,180.00000711006123,180.00000711006123,0.0,0.0,0.0,0.0,0.0,0.0,0.0,0.0,0.0,0.0,0.0,0.0,0.0,0.0,0.0,0.0,0.0,0.0,0.0,0.0,0.0,1.0
110146.0,5.059191942214966,170.15045074020236,-107.95260958283279,3.2197281604388195,10.591117858886719,101.37066650390625,142.81033325195312,321.5580139160156,113.89685821533203,-61.02751541137695,77.24909973144531,113.5538558959961,173.0153350830078,72.2499008178711,92.75569915771484,89.91285705566406,49.39073181152344,86.97405242919922,67.6811294555664,27.324966430664062,85.32013702392578,65.11141204833984,-3.994880437850952,79.3534927368164,75.2960433959961,180.00000711006123,180.00000711006123,180.00000711006123,0.0,0.0,0.0,0.0,0.0,0.0,0.0,0.0,0.0,0.0,0.0,0.0,0.0,0.0,0.0,0.0,0.0,0.0,0.0,0.0,0.0,1.0
110147.0,5.068642854690552,167.82698428198273,-109.05713314678678,4.261644929069206,12.794132232666016,102.01063537597656,141.67921447753906,300.3719787597656,102.11161041259766,-78.75611114501953,79.15135192871094,115.94440460205078,171.7362060546875,74.76348876953125,93.90786743164062,89.0184555053711,51.854339599609375,87.7579116821289,66.62639617919922,29.876224517822266,84.96661376953125,64.25248718261719,-1.3375284671783447,78.63119506835938,74.50394439697266,180.00000711006123,180.00000711006123,180.00000711006123,0.0,0.0,0.0,0.0,0.0,0.0,0.0,0.0,0.0,0.0,0.0,0.0,0.0,0.0,0.0,0.0,0.0,0.0,0.0,0.0,0.0,1.0
110148.0,5.07764196395874,170.07734039447314,-107.33365100283208,3.1251923648068214,16.412752151489258,102.65542602539062,140.47169494628906,327.9398193359375,93.63558959960938,-93.87332916259766,83.08647155761719,114.21304321289062,170.6606903076172,78.17292022705078,95.39407348632812,87.38829040527344,54.9163818359375,90.10224151611328,64.82353973388672,32.81412887573242,87.91009521484375,62.39830017089844,1.5404103994369507,81.72392272949219,72.61549377441406,180.00000711006123,180.00000711006123,180.00000711006123,0.0,0.0,0.0,0.0,0.0,0.0,0.0,0.0,0.0,0.0,0.0,0.0,0.0,0.0,0.0,0.0,0.0,0.0,0.0,0.0,0.0,1.0
110149.0,5.086583852767944,176.73730766773133,-107.47530229768245,1.0281795505018465,18.826902389526367,105.89231872558594,140.80075073242188,310.934814453125,166.4222412109375,-57.9156608581543,85.86530303955078,114.9412841796875,170.89393615722656,80.30501556396484,96.95429229736328,87.60559844970703,56.76759338378906,91.85920715332031,65.12635040283203,34.57054901123047,90.69661712646484,62.65350341796875,3.1715173721313477,85.34382629394531,73.0032958984375,180.00000711006123,180.00000711006123,180.00000711006123,0.0,0.0,0.0,0.0,0.0,0.0,0.0,0.0,0.0,0.0,0.0,0.0,0.0,0.0,0.0,0.0,0.0,0.0,0.0,0.0,0.0,1.0
110150.0,5.095960855484009,177.6895589925516,-107.26071141183411,0.7182381555100648,19.075857162475586,106.80769348144531,140.30340576171875,232.7855682373047,148.4381866455078,-57.107791900634766,85.55872344970703,115.70140075683594,171.73121643066406,81.52388763427734,98.6996841430664,88.09771728515625,58.308467864990234,93.30564880371094,65.19306945800781,36.19208526611328,92.1289291381836,62.33079147338867,4.702633857727051,86.6269302368164,72.1222915649414,180.00000711006123,180.00000711006123,180.00000711006123,0.0,0.0,0.0,0.0,0.0,0.0,0.0,0.0,0.0,0.0,0.0,0.0,0.0,0.0,0.0,0.0,0.0,0.0,0.0,0.0,0.0,1.0
110151.0,5.104948043823242,179.43994525196103,-106.71710347963653,0.16821029898498985,19.605241775512695,107.5025634765625,139.01751708984375,184.854248046875,128.77049255371094,-80.60285186767578,85.62521362304688,115.68424224853516,171.58050537109375,82.84251403808594,100.199951171875,87.63509368896484,59.89353942871094,94.71688842773438,64.34236907958984,38.025150299072266,94.21359252929688,61.08055877685547,6.265923023223877,88.07064819335938,70.42387390136719,180.00000711006123,180.00000711006123,180.00000711006123,0.0,0.0,0.0,0.0,0.0,0.0,0.0,0.0,0.0,0.0,0.0,0.0,0.0,0.0,0.0,0.0,0.0,0.0,0.0,0.0,0.0,1.0
110152.0,5.114094972610474,178.65616737517485,-106.22022770228568,0.3910017341621508,20.989843368530273,108.23064422607422,137.4669189453125,176.1637725830078,115.50686645507812,-105.68586730957031,86.6302261352539,116.47183990478516,170.71243286132812,84.80308532714844,102.26737976074219,86.61017608642578,62.0255012512207,96.53015899658203,63.02255630493164,40.376068115234375,96.32845306396484,59.5366325378418,8.464399337768555,89.58290100097656,68.49830627441406,180.00000711006123,180.00000711006123,180.00000711006123,0.0,0.0,0.0,0.0,0.0,0.0,0.0,0.0,0.0,0.0,0.0,0.0,0.0,0.0,0.0,0.0,0.0,0.0,0.0,0.0,0.0,1.0
110153.0,5.123327970504761,173.1414862353131,-106.47534210095273,2.037260184314107,22.248077392578125,108.15667724609375,136.7140350341797,166.37271118164062,81.64339447021484,-99.75192260742188,87.40913391113281,118.43853759765625,170.38284301757812,86.53736114501953,104.304443359375,86.24642181396484,63.90577697753906,97.89319610595703,62.40305709838867,42.28236389160156,98.03819274902344,58.64235305786133,10.774320602416992,88.855224609375,67.75455474853516,180.00000711006123,180.00000711006123,180.00000711006123,0.0,0.0,0.0,0.0,0.0,0.0,0.0,0.0,0.0,0.0,0.0,0.0,0.0,0.0,0.0,0.0,0.0,0.0,0.0,0.0,0.0,1.0
110154.0,5.132814884185791,174.29496859580922,-105.81452812122961,1.6208535345571207,25.808727264404297,109.96715545654297,135.79342651367188,228.6969451904297,114.15152740478516,-100.13786315917969,91.79512786865234,118.95142364501953,168.2055206298828,88.94508361816406,106.36756134033203,83.87394714355469,65.69217681884766,100.21802520751953,60.447322845458984,44.08575439453125,100.88934326171875,57.16434860229492,12.59748363494873,92.19551849365234,66.72227478027344,180.00000711006123,180.00000711006123,180.00000711006123,0.0,0.0,0.0,0.0,0.0,0.0,0.0,0.0,0.0,0.0,0.0,0.0,0.0,0.0,0.0,0.0,0.0,0.0,0.0,0.0,0.0,1.0
110155.0,5.141587972640991,171.4849877573306,-105.58635881915279,2.391502613666532,27.242206573486328,111.01943969726562,134.85662841796875,209.18963623046875,114.6780014038086,-101.01687622070312,93.15225982666016,120.71927642822266,167.28823852539062,90.32423400878906,108.782958984375,82.80436706542969,67.11009216308594,102.29676055908203,59.37783432006836,45.54936981201172,102.85529327392578,56.133705139160156,14.153355598449707,94.06236267089844,65.55668640136719,180.00000711006123,180.00000711006123,180.00000711006123,0.0,0.0,0.0,0.0,0.0,0.0,0.0,0.0,0.0,0.0,0.0,0.0,0.0,0.0,0.0,0.0,0.0,0.0,0.0,0.0,0.0,1.0
110156.0,5.150604009628296,168.70399424202787,-105.4954694908065,3.1696786680508637,27.532468795776367,111.46728515625,134.30784606933594,160.37208557128906,96.71875,-89.90072631835938,93.18072509765625,122.06051635742188,167.07235717773438,90.80613708496094,110.43281555175781,82.46253967285156,67.7747802734375,103.65438842773438,58.9292106628418,46.258880615234375,104.10820007324219,55.60435485839844,15.012014389038086,95.40264129638672,64.73432922363281,180.00000711006123,180.00000711006123,180.00000711006123,0.0,0.0,0.0,0.0,0.0,0.0,0.0,0.0,0.0,0.0,0.0,0.0,0.0,0.0,0.0,0.0,0.0,0.0,0.0,0.0,0.0,1.0
110157.0,5.1599650382995605,167.8907509288183,-104.78900252613812,3.2419158167731865,29.848421096801758,112.76356506347656,131.6148681640625,186.95706176757812,109.68759155273438,-147.34982299804688,95.73080444335938,122.96944427490234,164.18959045410156,92.74018859863281,112.53730010986328,79.31249237060547,69.5858154296875,105.93526458740234,55.87521743774414,48.05887985229492,106.56563568115234,52.68931579589844,16.854633331298828,98.16316986083984,61.817466735839844,180.00000711006123,180.00000711006123,180.00000711006123,0.0,0.0,0.0,0.0,0.0,0.0,0.0,0.0,0.0,0.0,0.0,0.0,0.0,0.0,0.0,0.0,0.0,0.0,0.0,0.0,0.0,1.0
110158.0,5.168742895126343,163.83805813748495,-104.34445282862953,4.238459851660963,31.02581214904785,113.50961303710938,129.7013702392578,171.14085388183594,102.09247589111328,-164.91488647460938,96.79651641845703,124.67758178710938,162.4944305419922,93.84307861328125,114.85993194580078,77.334716796875,70.76411437988281,108.08059692382812,53.85133361816406,49.253170013427734,108.51488494873047,50.6946907043457,18.16827392578125,99.68942260742188,59.72090148925781,180.00000711006123,180.00000711006123,180.00000711006123,0.0,0.0,0.0,0.0,0.0,0.0,0.0,0.0,0.0,0.0,0.0,0.0,0.0,0.0,0.0,0.0,0.0,0.0,0.0,0.0,0.0,1.0
110159.0,5.1781580448150635,162.75685283962957,-103.64755495910003,4.3097153741220495,33.14902877807617,114.8069839477539,127.47534942626953,188.69436645507812,113.5024185180664,-187.31895446777344,99.42024993896484,125.85384368896484,160.24081420898438,95.3614501953125,116.72134399414062,74.42083740234375,72.00057983398438,110.27397918701172,51.11175537109375,50.43815612792969,110.8568344116211,48.192508697509766,19.33144187927246,102.27790832519531,57.400516510009766,180.00000711006123,180.00000711006123,180.00000711006123,0.0,0.0,0.0,0.0,0.0,0.0,0.0,0.0,0.0,0.0,0.0,0.0,0.0,0.0,0.0,0.0,0.0,0.0,0.0,0.0,0.0,1.0
110160.0,5.187137842178345,158.79281590475784,-102.93165550307776,5.091256363928949,34.26304626464844,114.9482650756836,126.17463684082031,170.88084411621094,86.6529541015625,-175.57911682128906,100.82189178466797,126.4993667602539,158.57431030273438,95.81498718261719,118.25776672363281,72.43787384033203,72.26829528808594,111.81613159179688,49.31953430175781,50.665184020996094,112.26206970214844,46.646087646484375,19.66112518310547,103.42462921142578,56.05804443359375,180.00000711006123,180.00000711006123,180.00000711006123,0.0,0.0,0.0,0.0,0.0,0.0,0.0,0.0,0.0,0.0,0.0,0.0,0.0,0.0,0.0,0.0,0.0,0.0,0.0,0.0,0.0,1.0
110161.0,5.196306943893433,154.80386243950306,-102.18598325211588,5.801419314755094,35.53473663330078,115.46033477783203,124.03772735595703,162.56549072265625,78.38731384277344,-192.34927368164062,102.34432220458984,127.53221893310547,156.22628784179688,96.50173950195312,120.10843658447266,69.74557495117188,72.79354095458984,113.69317626953125,46.77769088745117,51.08552932739258,114.07023620605469,44.29426574707031,20.0955810546875,105.12565612792969,53.85611343383789,180.00000711006123,180.00000711006123,180.00000711006123,0.0,0.0,0.0,0.0,0.0,0.0,0.0,0.0,0.0,0.0,0.0,0.0,0.0,0.0,0.0,0.0,0.0,0.0,0.0,0.0,0.0,1.0
110162.0,5.205297946929932,152.1316055370562,-101.21890358643441,5.987286266600478,36.3598518371582,116.08255004882812,121.72727966308594,142.7822265625,75.68506622314453,-209.5982208251953,103.38545227050781,128.05686950683594,154.05030822753906,97.00138854980469,121.78348541259766,67.17843627929688,73.16559600830078,115.67344665527344,44.23486328125,51.3889274597168,116.12699890136719,41.86592102050781,20.299081802368164,107.20870208740234,51.42778015136719,180.00000711006123,180.00000711006123,180.00000711006123,0.0,0.0,0.0,0.0,0.0,0.0,0.0,0.0,0.0,0.0,0.0,0.0,0.0,0.0,0.0,0.0,0.0,0.0,0.0,0.0,0.0,1.0
110163.0,5.214130878448486,152.08790598623636,-100.5131059803125,5.614561131694842,36.5528678894043,117.00477600097656,119.82986450195312,109.37834167480469,82.98358154296875,-209.7875213623047,103.78827667236328,128.29852294921875,152.20851135253906,97.0454330444336,122.95911407470703,65.15126037597656,73.09848022460938,117.2686996459961,42.216007232666016,51.304439544677734,117.95587158203125,39.923824310302734,20.130748748779297,109.1629867553711,49.4725341796875,180.00000711006123,180.00000711006123,180.00000711006123,0.0,0.0,0.0,0.0,0.0,0.0,0.0,0.0,0.0,0.0,0.0,0.0,0.0,0.0,0.0,0.0,0.0,0.0,0.0,0.0,0.0,1.0
110164.0,5.2234039306640625,150.9563075520964,-100.0213460147097,5.6044255577350555,36.75630187988281,117.77197265625,119.4653091430664,85.448974609375,83.5152587890625,-163.1095733642578,104.34423065185547,128.8047637939453,151.29122924804688,96.68746948242188,124.03936004638672,64.21524047851562,72.51655578613281,118.5470199584961,41.49176025390625,50.71299362182617,119.34229278564453,39.431793212890625,19.61425018310547,110.52326965332031,49.22010040283203,180.00000711006123,180.00000711006123,180.00000711006123,0.0,0.0,0.0,0.0,0.0,0.0,0.0,0.0,0.0,0.0,0.0,0.0,0.0,0.0,0.0,0.0,0.0,0.0,0.0,0.0,0.0,1.0
110165.0,5.232697010040283,143.91972364360754,-98.71051658446731,6.370201616979898,38.384788513183594,118.18468475341797,117.3758773803711,111.51138305664062,73.0517578125,-181.79421997070312,106.43751525878906,129.33224487304688,148.11764526367188,97.1767807006836,126.2501449584961,61.14693832397461,72.63233184814453,120.9329833984375,38.774654388427734,50.79159927368164,121.59539794921875,37.14764404296875,19.926124572753906,112.28996276855469,47.33157730102539,180.00000711006123,180.00000711006123,180.00000711006123,0.0,0.0,0.0,0.0,0.0,0.0,0.0,0.0,0.0,0.0,0.0,0.0,0.0,0.0,0.0,0.0,0.0,0.0,0.0,0.0,0.0,1.0
110166.0,5.241006851196289,138.4417069596384,-97.87993142075265,6.995294987587357,38.73360061645508,118.62686157226562,116.01536560058594,91.36589813232422,66.36709594726562,-173.0876922607422,106.82234191894531,130.13059997558594,146.43492126464844,97.11051177978516,128.06190490722656,59.569068908691406,72.48516082763672,122.76981353759766,37.2655143737793,50.63702392578125,123.28943634033203,35.776859283447266,19.892047882080078,113.55792999267578,46.00774002075195,180.00000711006123,180.00000711006123,180.00000711006123,0.0,0.0,0.0,0.0,0.0,0.0,0.0,0.0,0.0,0.0,0.0,0.0,0.0,0.0,0.0,0.0,0.0,0.0,0.0,0.0,0.0,1.0
110167.0,5.250269889831543,132.96151827548783,-97.09590765715348,7.613745145375788,38.25396728515625,118.9141845703125,114.48833465576172,51.649497985839844,56.91358184814453,-172.15977478027344,105.80867767333984,130.88803100585938,145.53561401367188,97.11152648925781,129.8873748779297,58.82524490356445,72.76747131347656,124.56531524658203,36.1717414855957,50.947731018066406,124.95174407958984,34.4659423828125,20.18587303161621,114.74955749511719,44.22115707397461,180.00000711006123,180.00000711006123,180.00000711006123,0.0,0.0,0.0,0.0,0.0,0.0,0.0,0.0,0.0,0.0,0.0,0.0,0.0,0.0,0.0,0.0,0.0,0.0,0.0,0.0,0.0,1.0
110168.0,5.259312868118286,130.19477253496007,-96.63614029799646,7.840272640711703,38.35805130004883,119.80702209472656,113.28778076171875,40.54997634887695,68.39641571044922,-161.1763458251953,105.75521850585938,131.86978149414062,144.02194213867188,97.21002197265625,131.4381866455078,57.75292205810547,72.88938903808594,126.11154174804688,35.0375862121582,51.085140228271484,126.54608917236328,33.333717346191406,20.327810287475586,116.1874008178711,42.98605728149414,180.00000711006123,180.00000711006123,180.00000711006123,0.0,0.0,0.0,0.0,0.0,0.0,0.0,0.0,0.0,0.0,0.0,0.0,0.0,0.0,0.0,0.0,0.0,0.0,0.0,0.0,0.0,1.0
110169.0,5.268611907958984,129.7969140111627,-96.50515092856494,7.79387687268553,39.05012512207031,121.56771087646484,112.21167755126953,50.478302001953125,103.23422241210938,-149.5763702392578,106.56887817382812,133.6078338623047,142.3654022216797,97.623291015625,133.1725311279297,56.379432678222656,73.18216705322266,127.78994750976562,33.788787841796875,51.37370681762695,128.39654541015625,32.20988845825195,20.633819580078125,118.0845718383789,42.00584411621094,180.00000711006123,180.00000711006123,180.00000711006123,0.0,0.0,0.0,0.0,0.0,0.0,0.0,0.0,0.0,0.0,0.0,0.0,0.0,0.0,0.0,0.0,0.0,0.0,0.0,0.0,0.0,1.0
110170.0,5.277536869049072,97.88742413835962,-91.25041996135906,8.953695941258104,38.22603225708008,123.72137451171875,111.0948715209961,11.45436954498291,140.50347900390625,-142.471435546875,106.9665298461914,133.40818786621094,138.7930908203125,96.52205657958984,134.84336853027344,54.54154586791992,72.52986145019531,129.72946166992188,32.785823822021484,51.423988342285156,130.44618225097656,31.679092407226562,20.5710391998291,119.3702621459961,41.23807907104492,180.00000711006123,180.00000711006123,180.00000711006123,0.0,0.0,0.0,0.0,0.0,0.0,0.0,0.0,0.0,0.0,0.0,0.0,0.0,0.0,0.0,0.0,0.0,0.0,0.0,0.0,0.0,1.0
110171.0,5.286355972290039,83.87447809999685,-88.82344881524887,10.833624423751758,37.733154296875,124.94380950927734,110.23234558105469,-6.729432582855225,139.08291625976562,-129.5342254638672,106.70317840576172,135.44349670410156,137.01657104492188,96.21664428710938,135.5196533203125,53.74690246582031,72.76744842529297,130.15403747558594,32.39091110229492,51.651885986328125,131.0843963623047,31.23532485961914,20.78662109375,119.57750701904297,40.58856201171875,180.00000711006123,180.00000711006123,180.00000711006123,0.0,0.0,0.0,0.0,0.0,0.0,0.0,0.0,0.0,0.0,0.0,0.0,0.0,0.0,0.0,0.0,0.0,0.0,0.0,0.0,0.0,1.0
110172.0,5.295341968536377,79.25390971406159,-87.68752004112457,12.012208583514337,37.31453323364258,125.84649658203125,109.73421478271484,-17.625839233398438,128.14523315429688,-108.90799713134766,106.31885528564453,137.1670379638672,136.02655029296875,96.09185791015625,135.424560546875,53.442298889160156,72.86891174316406,130.26800537109375,32.25270462036133,51.665496826171875,131.23486328125,30.980804443359375,20.637372970581055,120.0986099243164,40.20760726928711,180.00000711006123,180.00000711006123,180.00000711006123,0.0,0.0,0.0,0.0,0.0,0.0,0.0,0.0,0.0,0.0,0.0,0.0,0.0,0.0,0.0,0.0,0.0,0.0,0.0,0.0,0.0,1.0
110173.0,5.304764986038208,76.11548556513071,-86.70054403415861,13.128058308791708,36.51731872558594,126.19911193847656,108.63018798828125,-37.110939025878906,103.72718048095703,-112.69683074951172,105.30828857421875,138.3711700439453,135.04006958007812,95.63565063476562,136.02841186523438,52.817996978759766,72.66122436523438,131.07867431640625,31.560531616210938,51.27762985229492,132.16131591796875,30.094158172607422,20.276317596435547,120.85322570800781,39.04068374633789,180.00000711006123,180.00000711006123,180.00000711006123,0.0,0.0,0.0,0.0,0.0,0.0,0.0,0.0,0.0,0.0,0.0,0.0,0.0,0.0,0.0,0.0,0.0,0.0,0.0,0.0,0.0,1.0
110174.0,5.3143439292907715,73.978401311158,-86.31960388913285,12.626068427240114,36.13166427612305,128.25782775878906,106.89806365966797,-38.58864974975586,137.73764038085938,-134.27474975585938,105.17957305908203,139.6620635986328,132.80409240722656,95.22490692138672,137.2304229736328,50.93951416015625,72.13421630859375,132.59967041015625,29.782371520996094,50.63898849487305,133.94190979003906,28.33147621154785,19.71261215209961,122.948486328125,37.41097640991211,180.00000711006123,180.00000711006123,180.00000711006123,0.0,0.0,0.0,0.0,0.0,0.0,0.0,0.0,0.0,0.0,0.0,0.0,0.0,0.0,0.0,0.0,0.0,0.0,0.0,0.0,0.0,1.0
110175.0,5.3227269649505615,71.98956631485089,-85.75408470982211,12.862907800795824,35.80036544799805,128.8855743408203,105.46348571777344,-38.07478332519531,118.98359680175781,-141.08041381835938,104.92757415771484,140.37173461914062,130.76307678222656,94.61023712158203,138.2615509033203,49.289127349853516,71.41535186767578,133.70828247070312,28.224760055541992,49.83344650268555,134.94686889648438,26.853046417236328,19.06594467163086,123.89161682128906,36.04853820800781,180.00000711006123,180.00000711006123,180.00000711006123,0.0,0.0,0.0,0.0,0.0,0.0,0.0,0.0,0.0,0.0,0.0,0.0,0.0,0.0,0.0,0.0,0.0,0.0,0.0,0.0,0.0,1.0
110176.0,5.331718921661377,70.39412289857182,-85.31247882388016,12.96343025730522,35.35928726196289,129.2213897705078,104.32477569580078,-41.011634826660156,96.38312530517578,-136.85470581054688,104.4885482788086,140.60540771484375,128.71546936035156,93.91915130615234,138.88645935058594,47.95024108886719,70.62686157226562,134.36038208007812,26.971643447875977,49.0008659362793,135.54266357421875,25.6782283782959,18.369977951049805,124.4459457397461,34.979591369628906,180.00000711006123,180.00000711006123,180.00000711006123,0.0,0.0,0.0,0.0,0.0,0.0,0.0,0.0,0.0,0.0,0.0,0.0,0.0,0.0,0.0,0.0,0.0,0.0,0.0,0.0,0.0,1.0
110177.0,5.340833902359009,68.14161527646775,-84.57016702602914,13.330348023801264,35.17912673950195,129.0281982421875,103.03596496582031,-35.191741943359375,63.90900421142578,-138.39561462402344,104.30315399169922,140.657470703125,126.4862060546875,93.2488784790039,139.57264709472656,46.322021484375,69.80535125732422,134.99205017089844,25.47841453552246,48.14499282836914,136.0984344482422,24.347646713256836,17.674177169799805,124.83373260498047,33.78605270385742,180.00000711006123,180.00000711006123,180.00000711006123,0.0,0.0,0.0,0.0,0.0,0.0,0.0,0.0,0.0,0.0,0.0,0.0,0.0,0.0,0.0,0.0,0.0,0.0,0.0,0.0,0.0,1.0
110178.0,5.350016832351685,67.38670177945096,-84.1977168062408,13.70999811683248,34.713558197021484,129.079345703125,101.5738296508789,-39.732791900634766,47.921180725097656,-145.0031280517578,103.77513122558594,141.1632080078125,124.52354431152344,92.50021362304688,140.1882781982422,44.68864822387695,68.96146392822266,135.4805145263672,23.905399322509766,47.28664779663086,136.5459442138672,22.862873077392578,16.980613708496094,125.07211303710938,32.38480758666992,180.00000711006123,180.00000711006123,180.00000711006123,0.0,0.0,0.0,0.0,0.0,0.0,0.0,0.0,0.0,0.0,0.0,0.0,0.0,0.0,0.0,0.0,0.0,0.0,0.0,0.0,0.0,1.0
110179.0,5.358731031417847,67.33863773770054,-84.27896190736647,13.493139608153228,34.21732711791992,129.79220581054688,100.22563171386719,-43.97657012939453,56.52931594848633,-146.36924743652344,103.34127044677734,141.80645751953125,122.60956573486328,91.8041763305664,140.50341796875,43.06777572631836,68.11272430419922,135.75936889648438,22.38298225402832,46.43424987792969,136.95126342773438,21.429460525512695,16.204864501953125,125.60987854003906,31.133424758911133,180.00000711006123,180.00000711006123,180.00000711006123,0.0,0.0,0.0,0.0,0.0,0.0,0.0,0.0,0.0,0.0,0.0,0.0,0.0,0.0,0.0,0.0,0.0,0.0,0.0,0.0,0.0,1.0
110180.0,5.36838698387146,66.75612504753644,-84.85265682320914,11.844957739355948,34.37178421020508,131.66763305664062,98.38311767578125,-27.09823989868164,98.01620483398438,-161.98550415039062,104.06683349609375,142.16390991210938,119.4725112915039,91.37574005126953,140.0904083251953,40.265960693359375,67.2261734008789,135.66477966308594,19.978866577148438,45.58027648925781,137.42828369140625,19.32261848449707,15.337696075439453,126.78526306152344,29.643695831298828,180.00000711006123,180.00000711006123,180.00000711006123,0.0,0.0,0.0,0.0,0.0,0.0,0.0,0.0,0.0,0.0,0.0,0.0,0.0,0.0,0.0,0.0,0.0,0.0,0.0,0.0,0.0,1.0
110181.0,5.377347946166992,64.97028327573162,-84.30585919263194,12.053874445485064,34.353233337402344,131.42538452148438,95.99411010742188,-20.188703536987305,63.59419250488281,-190.1283416748047,104.09989166259766,142.16375732421875,116.63973999023438,90.935546875,140.55081176757812,37.571815490722656,66.61873626708984,136.09356689453125,17.394357681274414,44.9561882019043,137.80747985839844,16.893796920776367,14.85615062713623,126.87967681884766,27.35240936279297,180.00000711006123,180.00000711006123,180.00000711006123,0.0,0.0,0.0,0.0,0.0,0.0,0.0,0.0,0.0,0.0,0.0,0.0,0.0,0.0,0.0,0.0,0.0,0.0,0.0,0.0,0.0,1.0
110182.0,5.386117935180664,62.77645380947206,-83.48997942637197,12.50657853518419,33.68598937988281,130.68370056152344,93.90187072753906,-34.96586990356445,23.451135635375977,-201.503173828125,103.21898651123047,141.9134521484375,114.78816986083984,90.3246841430664,141.06834411621094,35.74625778198242,65.98539733886719,136.54615783691406,15.41733455657959,44.31420135498047,138.1058349609375,14.891160011291504,14.332365036010742,126.92154693603516,25.16065216064453,180.00000711006123,180.00000711006123,180.00000711006123,0.0,0.0,0.0,0.0,0.0,0.0,0.0,0.0,0.0,0.0,0.0,0.0,0.0,0.0,0.0,0.0,0.0,0.0,0.0,0.0,0.0,1.0
110183.0,5.394743919372559,61.56546808568237,-82.8857467343937,12.979847470940626,33.630584716796875,130.1132049560547,93.03759002685547,-27.026344299316406,-0.40338996052742004,-172.36720275878906,103.06292724609375,142.07003784179688,113.29143524169922,89.73688507080078,141.4770050048828,34.55587387084961,65.16465759277344,136.67105102539062,14.328036308288574,43.50331497192383,138.15147399902344,13.983243942260742,13.760650634765625,126.74003601074219,24.412134170532227,180.00000711006123,180.00000711006123,180.00000711006123,0.0,0.0,0.0,0.0,0.0,0.0,0.0,0.0,0.0,0.0,0.0,0.0,0.0,0.0,0.0,0.0,0.0,0.0,0.0,0.0,0.0,1.0
110184.0,5.404562950134277,60.86353636667582,-82.57522584053277,13.158472287747145,33.201011657714844,129.8341064453125,91.29802703857422,-32.68278121948242,-8.80257797241211,-177.94467163085938,102.45909118652344,142.27110290527344,111.3599853515625,89.1806869506836,141.6219940185547,32.790252685546875,64.48287963867188,136.65097045898438,12.537677764892578,42.84666061401367,138.11187744140625,12.237503051757812,13.198185920715332,126.71037292480469,22.683815002441406,180.00000711006123,180.00000711006123,180.00000711006123,0.0,0.0,0.0,0.0,0.0,0.0,0.0,0.0,0.0,0.0,0.0,0.0,0.0,0.0,0.0,0.0,0.0,0.0,0.0,0.0,0.0,1.0
110185.0,5.414216995239258,60.8008352293632,-82.51971689250013,13.221621656229274,33.95399856567383,130.24871826171875,89.67501068115234,-0.7164633870124817,6.2640790939331055,-178.37281799316406,103.41820526123047,143.3125,108.60466766357422,88.88932800292969,141.96978759765625,30.188173294067383,63.7542839050293,136.66702270507812,10.338842391967773,42.08248519897461,138.15357971191406,10.393744468688965,12.580765724182129,126.73219299316406,21.417369842529297,180.00000711006123,180.00000711006123,180.00000711006123,0.0,0.0,0.0,0.0,0.0,0.0,0.0,0.0,0.0,0.0,0.0,0.0,0.0,0.0,0.0,0.0,0.0,0.0,0.0,0.0,0.0,1.0
110186.0,5.422339916229248,59.87700432201109,-82.11085493382143,13.431896716245433,33.951263427734375,130.01568603515625,88.6104507446289,-0.6027259230613708,-2.566409111022949,-161.7394256591797,103.46210479736328,143.51490783691406,106.91409301757812,88.22577667236328,142.15789794921875,28.628826141357422,62.82875061035156,136.6081085205078,8.985621452331543,41.12196350097656,138.12855529785156,9.250958442687988,11.687654495239258,126.58380126953125,20.553701400756836,180.00000711006123,180.00000711006123,180.00000711006123,0.0,0.0,0.0,0.0,0.0,0.0,0.0,0.0,0.0,0.0,0.0,0.0,0.0,0.0,0.0,0.0,0.0,0.0,0.0,0.0,0.0,1.0
110187.0,5.431656837463379,62.02630778455159,-81.9629881667538,14.887852300118993,34.28108596801758,129.15232849121094,87.72776794433594,9.615435600280762,-28.169008255004883,-143.9573974609375,103.62008666992188,144.6220703125,105.00846862792969,87.34779357910156,142.45716857910156,26.949125289916992,61.765132904052734,136.27850341796875,7.667967796325684,39.94070816040039,137.32272338867188,8.23256778717041,11.038559913635254,124.54443359375,20.02064323425293,180.00000711006123,180.00000711006123,180.00000711006123,0.0,0.0,0.0,0.0,0.0,0.0,0.0,0.0,0.0,0.0,0.0,0.0,0.0,0.0,0.0,0.0,0.0,0.0,0.0,0.0,0.0,1.0
110188.0,5.440577030181885,62.255761162207364,-82.52537228919891,14.005770070782262,34.10247802734375,129.98411560058594,86.97831726074219,1.5197124481201172,4.9549126625061035,-127.13006591796875,103.81787872314453,144.7320098876953,103.34164428710938,86.6722640991211,141.77964782714844,25.47258758544922,60.76734924316406,135.72792053222656,6.536698341369629,38.90802764892578,137.0367889404297,7.314609527587891,9.867072105407715,124.60099029541016,19.611820220947266,180.00000711006123,180.00000711006123,180.00000711006123,0.0,0.0,0.0,0.0,0.0,0.0,0.0,0.0,0.0,0.0,0.0,0.0,0.0,0.0,0.0,0.0,0.0,0.0,0.0,0.0,0.0,1.0
110189.0,5.449363946914673,61.83125807014676,-82.69526641659695,13.462197143304593,33.76341247558594,130.35537719726562,86.2430648803711,-9.23620891571045,14.90737533569336,-114.49301147460938,103.735107421875,144.64349365234375,101.77925872802734,85.77324676513672,141.38150024414062,24.128902435302734,59.60428237915039,135.42324829101562,5.492657661437988,37.70463180541992,136.77102661132812,6.482151508331299,8.550531387329102,124.53871154785156,19.196008682250977,180.00000711006123,180.00000711006123,180.00000711006123,0.0,0.0,0.0,0.0,0.0,0.0,0.0,0.0,0.0,0.0,0.0,0.0,0.0,0.0,0.0,0.0,0.0,0.0,0.0,0.0,0.0,1.0
110190.0,5.45847487449646,60.81111466418406,-82.67023377299665,12.967074163269956,33.13872146606445,130.49974060058594,85.59315490722656,-25.72300148010254,15.189172744750977,-102.67273712158203,103.29353332519531,144.27731323242188,100.56027221679688,84.77687072753906,141.04815673828125,23.091501235961914,58.40386962890625,135.23419189453125,4.646722316741943,36.46949005126953,136.5636444091797,5.787882328033447,7.20377779006958,124.49609375,18.777673721313477,180.00000711006123,180.00000711006123,180.00000711006123,0.0,0.0,0.0,0.0,0.0,0.0,0.0,0.0,0.0,0.0,0.0,0.0,0.0,0.0,0.0,0.0,0.0,0.0,0.0,0.0,0.0,1.0
110191.0,5.467355012893677,59.97563908496659,-82.65199716769985,12.578731800644789,32.60350799560547,130.64463806152344,85.0810317993164,-34.985984802246094,15.43752670288086,-90.09632873535156,102.84402465820312,143.9937286376953,99.25244903564453,83.80380249023438,140.79226684570312,22.159557342529297,57.22734832763672,135.07061767578125,3.926480293273926,35.263885498046875,136.36241149902344,5.237103462219238,5.96435022354126,124.37227630615234,18.524490356445312,180.00000711006123,180.00000711006123,180.00000711006123,0.0,0.0,0.0,0.0,0.0,0.0,0.0,0.0,0.0,0.0,0.0,0.0,0.0,0.0,0.0,0.0,0.0,0.0,0.0,0.0,0.0,1.0
110192.0,5.4763219356536865,59.55116331366298,-82.63175931695287,12.406330993792096,32.028255462646484,130.73223876953125,84.57392120361328,-42.884281158447266,13.85470199584961,-80.73053741455078,102.30403900146484,143.95657348632812,98.17593383789062,82.85346221923828,140.65940856933594,21.322385787963867,56.118492126464844,134.95028686523438,3.2570040225982666,34.125892639160156,136.13165283203125,4.704935073852539,4.808038234710693,124.09950256347656,18.242902755737305,180.00000711006123,180.00000711006123,180.00000711006123,0.0,0.0,0.0,0.0,0.0,0.0,0.0,0.0,0.0,0.0,0.0,0.0,0.0,0.0,0.0,0.0,0.0,0.0,0.0,0.0,0.0,1.0
110193.0,5.485572814941406,58.72719660333132,-82.490094361724,12.246191230416343,31.39792823791504,130.63815307617188,84.07615661621094,-50.26816177368164,7.164467811584473,-73.63256072998047,101.68048095703125,143.7139434814453,97.10348510742188,81.8570556640625,140.46463012695312,20.526853561401367,54.96689987182617,134.8193817138672,2.6142921447753906,32.950374603271484,135.9004364013672,4.19978666305542,3.6412084102630615,123.83390808105469,17.952302932739258,180.00000711006123,180.00000711006123,180.00000711006123,0.0,0.0,0.0,0.0,0.0,0.0,0.0,0.0,0.0,0.0,0.0,0.0,0.0,0.0,0.0,0.0,0.0,0.0,0.0,0.0,0.0,1.0
110194.0,5.49443793296814,58.08782258766314,-82.40980548709331,12.078041362597958,30.879695892333984,130.5826416015625,83.7591781616211,-52.23080062866211,3.4987895488739014,-63.02509689331055,101.12286376953125,143.45359802246094,96.1653060913086,81.00889587402344,140.23291015625,19.936376571655273,54.00096893310547,134.6448516845703,2.1726465225219727,31.946731567382812,135.64874267578125,3.8761425018310547,2.683990955352783,123.52476501464844,17.833786010742188,180.00000711006123,180.00000711006123,180.00000711006123,0.0,0.0,0.0,0.0,0.0,0.0,0.0,0.0,0.0,0.0,0.0,0.0,0.0,0.0,0.0,0.0,0.0,0.0,0.0,0.0,0.0,1.0
110195.0,5.503482818603516,57.92010729063577,-82.30145136483543,12.17016780897211,30.24326515197754,130.4234161376953,83.4898452758789,-57.240638732910156,-2.31978702545166,-53.867637634277344,100.44700622558594,143.44830322265625,95.63467407226562,80.13641357421875,140.09756469726562,19.50788116455078,53.07666778564453,134.4781494140625,1.8367266654968262,30.97585105895996,135.376953125,3.609496593475342,1.7778277397155762,123.22090148925781,17.67919158935547,180.00000711006123,180.00000711006123,180.00000711006123,0.0,0.0,0.0,0.0,0.0,0.0,0.0,0.0,0.0,0.0,0.0,0.0,0.0,0.0,0.0,0.0,0.0,0.0,0.0,0.0,0.0,1.0
110196.0,5.512660980224609,58.08386107789829,-82.2639741164221,12.303994268263239,29.65118408203125,130.36695861816406,83.27885437011719,-59.54616928100586,-3.403262138366699,-45.47926712036133,99.83529663085938,143.64154052734375,95.30064392089844,79.3561019897461,139.96250915527344,19.167724609375,52.255958557128906,134.3351287841797,1.5730925798416138,30.12262725830078,135.1060028076172,3.400759220123291,0.9951454997062683,122.99483489990234,17.55716323852539,180.00000711006123,180.00000711006123,180.00000711006123,0.0,0.0,0.0,0.0,0.0,0.0,0.0,0.0,0.0,0.0,0.0,0.0,0.0,0.0,0.0,0.0,0.0,0.0,0.0,0.0,0.0,1.0
110197.0,5.52144193649292,58.18795999225358,-82.29337125095299,12.306354098649024,29.07196807861328,130.3933563232422,83.08672332763672,-60.80479049682617,-1.661274790763855,-38.809730529785156,99.26764678955078,143.7761993408203,94.98624420166016,78.61455535888672,139.75015258789062,18.84259033203125,51.47786331176758,134.04541015625,1.335512399673462,29.310287475585938,134.84713745117188,3.2073476314544678,0.24361716210842133,122.82530212402344,17.459426879882812,180.00000711006123,180.00000711006123,180.00000711006123,0.0,0.0,0.0,0.0,0.0,0.0,0.0,0.0,0.0,0.0,0.0,0.0,0.0,0.0,0.0,0.0,0.0,0.0,0.0,0.0,0.0,1.0
110198.0,5.530557870864868,58.154737951742845,-82.3968417878973,12.128918588545616,28.459762573242188,130.5372772216797,82.86176300048828,-62.677284240722656,3.1840620040893555,-34.951744079589844,98.6973648071289,143.7819366455078,94.56981658935547,77.86712646484375,139.50779724121094,18.476930618286133,50.68455505371094,133.80123901367188,1.0587055683135986,28.496089935302734,134.62132263183594,2.980963945388794,-0.5481499433517456,122.73591613769531,17.345199584960938,180.00000711006123,180.00000711006123,180.00000711006123,0.0,0.0,0.0,0.0,0.0,0.0,0.0,0.0,0.0,0.0,0.0,0.0,0.0,0.0,0.0,0.0,0.0,0.0,0.0,0.0,0.0,1.0
110199.0,5.539865970611572,57.882923740360184,-81.99034307469901,12.63493315911262,27.90574073791504,130.09739685058594,82.69635772705078,-62.34326171875,-11.108583450317383,-30.387060165405273,98.01805877685547,143.9491424560547,94.30482482910156,77.06647491455078,139.71278381347656,18.24408531188965,49.924007415771484,133.8271026611328,0.8818637132644653,27.698068618774414,134.5568389892578,2.853569269180298,-1.2182300090789795,122.39631652832031,17.215675354003906,180.00000711006123,180.00000711006123,180.00000711006123,0.0,0.0,0.0,0.0,0.0,0.0,0.0,0.0,0.0,0.0,0.0,0.0,0.0,0.0,0.0,0.0,0.0,0.0,0.0,0.0,0.0,1.0
110200.0,5.548774003982544,57.990929522966326,-81.63999534732284,13.229580534252534,27.356300354003906,129.7330322265625,82.63751983642578,-61.93857192993164,-19.162384033203125,-23.817298889160156,97.30266571044922,144.2920379638672,94.22693634033203,76.3416748046875,139.92202758789062,18.177440643310547,49.26497268676758,133.949462890625,0.8365410566329956,27.008159637451172,134.5598602294922,2.829977512359619,-1.7771600484848022,122.08727264404297,17.153345108032227,180.00000711006123,180.00000711006123,180.00000711006123,0.0,0.0,0.0,0.0,0.0,0.0,0.0,0.0,0.0,0.0,0.0,0.0,0.0,0.0,0.0,0.0,0.0,0.0,0.0,0.0,0.0,1.0
110201.0,5.557891845703125,57.8495719262537,-81.28873920477645,13.700388040558096,26.891860961914062,129.41513061523438,82.5853042602539,-58.9538688659668,-23.546676635742188,-18.81922149658203,96.65998840332031,144.4766082763672,94.05409240722656,75.72105407714844,140.11634826660156,18.121183395385742,48.68623733520508,134.10238647460938,0.7959681749343872,26.40592384338379,134.65493774414062,2.8124029636383057,-2.2642061710357666,121.90101623535156,17.097360610961914,180.00000711006123,180.00000711006123,180.00000711006123,0.0,0.0,0.0,0.0,0.0,0.0,0.0,0.0,0.0,0.0,0.0,0.0,0.0,0.0,0.0,0.0,0.0,0.0,0.0,0.0,0.0,1.0
110202.0,5.568449020385742,57.93132246138384,-80.95399845983593,14.257512917280906,26.40460968017578,129.1558837890625,82.622314453125,-57.596282958984375,-24.97579002380371,-12.513118743896484,95.89936065673828,144.7987823486328,93.9367446899414,75.14266967773438,140.4022979736328,18.215543746948242,48.17140197753906,134.3499298095703,0.871462881565094,25.870182037353516,134.81529235839844,2.884385585784912,-2.6901378631591797,121.75239562988281,17.099647521972656,180.00000711006123,180.00000711006123,180.00000711006123,0.0,0.0,0.0,0.0,0.0,0.0,0.0,0.0,0.0,0.0,0.0,0.0,0.0,0.0,0.0,0.0,0.0,0.0,0.0,0.0,0.0,1.0
110203.0,5.576984882354736,58.353523779667285,-81.3110329424876,13.926274351878192,25.461822509765625,129.8153076171875,82.60236358642578,-70.4659652709961,2.012568235397339,-9.672616958618164,94.84896087646484,144.96165466308594,93.84752655029297,74.5787124633789,140.3701934814453,18.378299713134766,47.662166595458984,134.4227752685547,0.9385442733764648,25.361520767211914,135.06143188476562,2.8455276489257812,-3.351957082748413,122.27436065673828,16.97643280029297,180.00000711006123,180.00000711006123,180.00000711006123,0.0,0.0,0.0,0.0,0.0,0.0,0.0,0.0,0.0,0.0,0.0,0.0,0.0,0.0,0.0,0.0,0.0,0.0,0.0,0.0,0.0,1.0
110204.0,5.585734844207764,58.85469574605622,-81.86037823365496,13.31544455085833,24.525989532470703,130.71250915527344,82.59326934814453,-79.55589294433594,28.807575225830078,-7.28180456161499,93.92520141601562,145.0909423828125,93.98435974121094,74.15662384033203,140.2185516357422,18.6022891998291,47.282447814941406,134.4210662841797,1.038629174232483,24.98693084716797,135.29412841796875,2.8091399669647217,-3.9348556995391846,122.9159164428711,16.861377716064453,180.00000711006123,180.00000711006123,180.00000711006123,0.0,0.0,0.0,0.0,0.0,0.0,0.0,0.0,0.0,0.0,0.0,0.0,0.0,0.0,0.0,0.0,0.0,0.0,0.0,0.0,0.0,1.0
110205.0,5.594972848892212,58.88806805073045,-82.32011144186572,12.594989358606483,23.934965133666992,131.54745483398438,82.82408905029297,-75.7499771118164,46.37474060058594,1.7596184015274048,93.422119140625,145.06423950195312,94.10491943359375,73.77409362792969,140.02662658691406,18.849912643432617,46.88566589355469,134.38446044921875,1.2886933088302612,24.606815338134766,135.48092651367188,3.0225508213043213,-4.407583236694336,123.43665313720703,17.12627410888672,180.00000711006123,180.00000711006123,180.00000711006123,0.0,0.0,0.0,0.0,0.0,0.0,0.0,0.0,0.0,0.0,0.0,0.0,0.0,0.0,0.0,0.0,0.0,0.0,0.0,0.0,0.0,1.0
110206.0,5.60400390625,58.92077782704746,-82.30976370515236,12.62739177640725,23.82530975341797,131.62411499023438,82.90481567382812,-58.11268615722656,35.86735534667969,3.7315077781677246,93.2580337524414,145.15533447265625,94.05642700195312,73.6064682006836,140.1707763671875,18.895557403564453,46.72685241699219,134.48362731933594,1.3561797142028809,24.453981399536133,135.5083465576172,3.1138644218444824,-4.479879856109619,123.36212158203125,17.248506546020508,180.00000711006123,180.00000711006123,180.00000711006123,0.0,0.0,0.0,0.0,0.0,0.0,0.0,0.0,0.0,0.0,0.0,0.0,0.0,0.0,0.0,0.0,0.0,0.0,0.0,0.0,0.0,1.0
110207.0,5.613059043884277,59.21702362537644,-82.55539097095152,12.371761698451849,23.540000915527344,131.98826599121094,82.99712371826172,-50.825828552246094,37.10515594482422,5.519981861114502,92.97236633300781,145.23458862304688,94.13970947265625,73.42076873779297,140.14047241210938,19.014324188232422,46.56886291503906,134.45045471191406,1.4702727794647217,24.309772491455078,135.4879913330078,3.2035067081451416,-4.598641395568848,123.42992401123047,17.36011505126953,180.00000711006123,180.00000711006123,180.00000711006123,0.0,0.0,0.0,0.0,0.0,0.0,0.0,0.0,0.0,0.0,0.0,0.0,0.0,0.0,0.0,0.0,0.0,0.0,0.0,0.0,0.0,1.0
110208.0,5.621971845626831,59.278720724869345,-82.56019259399409,12.393339120065434,23.46710205078125,132.0161895751953,83.03035736083984,-39.03321075439453,27.724882125854492,5.011203765869141,92.8263168334961,145.25814819335938,94.04723358154297,73.31315612792969,140.23895263671875,19.030044555664062,46.48228454589844,134.48916625976562,1.4997639656066895,24.22810173034668,135.43478393554688,3.246504783630371,-4.6066508293151855,123.32051086425781,17.419849395751953,180.00000711006123,180.00000711006123,180.00000711006123,0.0,0.0,0.0,0.0,0.0,0.0,0.0,0.0,0.0,0.0,0.0,0.0,0.0,0.0,0.0,0.0,0.0,0.0,0.0,0.0,0.0,1.0
110209.0,5.6511149406433105,59.407299037495704,-82.64343894056992,12.318340227008662,23.139556884765625,132.10284423828125,83.06661224365234,-22.31917381286621,12.51634693145752,2.7328741550445557,92.43413543701172,145.228515625,94.06988525390625,73.05393981933594,140.2733154296875,19.114459991455078,46.27980041503906,134.4657745361328,1.568053126335144,24.03843879699707,135.26255798339844,3.3026018142700195,-4.783846855163574,123.24006652832031,17.45033836364746,180.00000711006123,180.00000711006123,180.00000711006123,0.0,0.0,0.0,0.0,0.0,0.0,0.0,0.0,0.0,0.0,0.0,0.0,0.0,0.0,0.0,0.0,0.0,0.0,0.0,0.0,0.0,1.0
110210.0,5.659113883972168,59.48549787421598,-82.64063856297753,12.360239169187537,23.081989288330078,132.07516479492188,83.05345916748047,-17.948286056518555,8.235685348510742,1.5812610387802124,92.3437728881836,145.2413787841797,94.04066467285156,72.99451446533203,140.29302978515625,19.108043670654297,46.236270904541016,134.4619903564453,1.5597660541534424,23.994600296020508,135.1917724609375,3.2963900566101074,-4.814695835113525,123.18065643310547,17.435258865356445,180.00000711006123,180.00000711006123,180.00000711006123,0.0,0.0,0.0,0.0,0.0,0.0,0.0,0.0,0.0,0.0,0.0,0.0,0.0,0.0,0.0,0.0,0.0,0.0,0.0,0.0,0.0,1.0
110211.0,5.668066024780273,59.62225875356353,-82.61548980615999,12.467454357388021,23.008180618286133,131.97251892089844,83.0083999633789,-15.236180305480957,2.8311007022857666,-0.22886599600315094,92.15502166748047,145.18292236328125,93.8367919921875,72.90461730957031,140.3086395263672,19.070478439331055,46.17333221435547,134.43507385253906,1.5208083391189575,23.92550277709961,135.07789611816406,3.2605414390563965,-4.849928855895996,123.02831268310547,17.38813018798828,180.00000711006123,180.00000711006123,180.00000711006123,0.0,0.0,0.0,0.0,0.0,0.0,0.0,0.0,0.0,0.0,0.0,0.0,0.0,0.0,0.0,0.0,0.0,0.0,0.0,0.0,0.0,1.0
110212.0,5.677008867263794,59.588688373401055,-82.48680904069488,12.663681425664777,22.972440719604492,131.74378967285156,82.97679138183594,-12.122802734375,-4.922071933746338,-1.1291826963424683,92.01091766357422,145.09901428222656,93.66139221191406,72.79620361328125,140.3745880126953,19.02710723876953,46.088783264160156,134.4484100341797,1.4840761423110962,23.839340209960938,134.9596405029297,3.245083808898926,-4.8797430992126465,122.82793426513672,17.354434967041016,180.00000711006123,180.00000711006123,180.00000711006123,0.0,0.0,0.0,0.0,0.0,0.0,0.0,0.0,0.0,0.0,0.0,0.0,0.0,0.0,0.0,0.0,0.0,0.0,0.0,0.0,0.0,1.0
110213.0,5.6866888999938965,60.11759773833319,-82.99010519594049,12.078331645641072,22.765043258666992,132.19332885742188,83.07891082763672,-15.102713584899902,10.139684677124023,2.295304775238037,91.85079193115234,144.85006713867188,93.53070831298828,72.64907836914062,139.89739990234375,19.060277938842773,45.93492889404297,134.02154541015625,1.5744138956069946,23.715030670166016,134.64471435546875,3.336606740951538,-5.004837512969971,122.7882308959961,17.55242156982422,180.00000711006123,180.00000711006123,180.00000711006123,0.0,0.0,0.0,0.0,0.0,0.0,0.0,0.0,0.0,0.0,0.0,0.0,0.0,0.0,0.0,0.0,0.0,0.0,0.0,0.0,0.0,1.0
110214.0,5.695649862289429,60.19324208427406,-82.95903466504342,12.166864558696204,22.730295181274414,131.99546813964844,83.10530853271484,-12.020007133483887,1.3205280303955078,2.4710559844970703,91.72724151611328,144.7000274658203,93.36406707763672,72.51753234863281,139.82179260253906,19.034595489501953,45.83340072631836,133.89820861816406,1.5836982727050781,23.618194580078125,134.4413299560547,3.3705244064331055,-5.0420308113098145,122.54039764404297,17.60365867614746,180.00000711006123,180.00000711006123,180.00000711006123,0.0,0.0,0.0,0.0,0.0,0.0,0.0,0.0,0.0,0.0,0.0,0.0,0.0,0.0,0.0,0.0,0.0,0.0,0.0,0.0,0.0,1.0
110215.0,5.70465087890625,60.20460068899638,-83.07411652371229,11.977220085308886,22.483196258544922,131.93421936035156,83.1072998046875,-16.247764587402344,-0.9106771349906921,1.8519172668457031,91.42958068847656,144.38316345214844,93.39368438720703,72.38446044921875,139.58912658691406,19.10983657836914,45.779781341552734,133.64419555664062,1.6370381116867065,23.573617935180664,134.14288330078125,3.385775566101074,-5.118037223815918,122.42752838134766,17.565162658691406,180.00000711006123,180.00000711006123,180.00000711006123,0.0,0.0,0.0,0.0,0.0,0.0,0.0,0.0,0.0,0.0,0.0,0.0,0.0,0.0,0.0,0.0,0.0,0.0,0.0,0.0,0.0,1.0
110216.0,5.713212013244629,60.17386483737255,-83.17470472079322,11.7923038104297,22.308603286743164,131.8899383544922,83.05819702148438,-17.090635299682617,-2.0098342895507812,-0.15578697621822357,91.24266815185547,144.1217498779297,93.41909790039062,72.28809356689453,139.40748596191406,19.110857009887695,45.75307846069336,133.43495178222656,1.626734733581543,23.556123733520508,133.921630859375,3.344414710998535,-5.126967430114746,122.25344848632812,17.500141143798828,180.00000711006123,180.00000711006123,180.00000711006123,0.0,0.0,0.0,0.0,0.0,0.0,0.0,0.0,0.0,0.0,0.0,0.0,0.0,0.0,0.0,0.0,0.0,0.0,0.0,0.0,0.0,1.0
110217.0,5.722803831100464,60.33687413400685,-83.22433287588183,11.783563729511002,22.283615112304688,131.62791442871094,82.79627227783203,-13.124358177185059,-9.437402725219727,-8.093205451965332,91.19573211669922,143.8736572265625,93.1797866821289,72.23847961425781,139.16827392578125,18.839614868164062,45.75734329223633,133.11785888671875,1.372266173362732,23.568096160888672,133.51284790039062,3.091365337371826,-5.111730098724365,121.91510772705078,17.237930297851562,180.00000711006123,180.00000711006123,180.00000711006123,0.0,0.0,0.0,0.0,0.0,0.0,0.0,0.0,0.0,0.0,0.0,0.0,0.0,0.0,0.0,0.0,0.0,0.0,0.0,0.0,0.0,1.0
110218.0,5.731225967407227,60.48712463712263,-83.32417658233453,11.682321541809415,22.247398376464844,131.4684295654297,82.5679931640625,-10.623443603515625,-11.709436416625977,-12.83340072631836,91.16297912597656,143.6178741455078,93.00574493408203,72.22701263427734,138.89718627929688,18.622928619384766,45.78068161010742,132.8025665283203,1.158953309059143,23.59185218811035,133.1378173828125,2.868478298187256,-5.094839096069336,121.64083099365234,17.011680603027344,180.00000711006123,180.00000711006123,180.00000711006123,0.0,0.0,0.0,0.0,0.0,0.0,0.0,0.0,0.0,0.0,0.0,0.0,0.0,0.0,0.0,0.0,0.0,0.0,0.0,0.0,0.0,1.0
110219.0,5.740389823913574,60.26747258104024,-83.42611032669765,11.407671094340799,22.045066833496094,131.3364715576172,82.38582611083984,-13.849820137023926,-12.49140739440918,-14.834259986877441,90.97325134277344,143.1656036376953,92.9649658203125,72.15267944335938,138.57376098632812,18.521095275878906,45.7628173828125,132.4674835205078,1.0276395082473755,23.5776424407959,132.79562377929688,2.697305917739868,-5.132441520690918,121.42031860351562,16.799903869628906,180.00000711006123,180.00000711006123,180.00000711006123,0.0,0.0,0.0,0.0,0.0,0.0,0.0,0.0,0.0,0.0,0.0,0.0,0.0,0.0,0.0,0.0,0.0,0.0,0.0,0.0,0.0,1.0
110220.0,5.749480962753296,60.34888843689714,-83.46524048090942,11.377503002198353,21.968019485473633,131.1098175048828,82.18773651123047,-12.383265495300293,-15.960672378540039,-16.787031173706055,90.86972045898438,142.95530700683594,92.91084289550781,72.1340103149414,138.40304565429688,18.378711700439453,45.80342102050781,132.20046997070312,0.8647950291633606,23.609477996826172,132.44158935546875,2.5085208415985107,-5.063758850097656,121.02586364746094,16.58706283569336,180.00000711006123,180.00000711006123,180.00000711006123,0.0,0.0,0.0,0.0,0.0,0.0,0.0,0.0,0.0,0.0,0.0,0.0,0.0,0.0,0.0,0.0,0.0,0.0,0.0,0.0,0.0,1.0
110221.0,5.758901834487915,60.217079444755655,-83.38964394629329,11.447059941970394,22.014169692993164,130.6846466064453,81.92214965820312,-7.574744701385498,-24.549053192138672,-20.279827117919922,90.88028717041016,142.6314697265625,92.64930725097656,72.1206283569336,138.1866455078125,18.095458984375,45.8038215637207,131.9142303466797,0.5886328816413879,23.607357025146484,132.0127716064453,2.2504124641418457,-5.004939079284668,120.5466079711914,16.333240509033203,180.00000711006123,180.00000711006123,180.00000711006123,0.0,0.0,0.0,0.0,0.0,0.0,0.0,0.0,0.0,0.0,0.0,0.0,0.0,0.0,0.0,0.0,0.0,0.0,0.0,0.0,0.0,1.0
110222.0,5.767935037612915,60.14667385396933,-83.48916663385126,11.246448745968962,21.8326358795166,130.58741760253906,81.82234954833984,-11.020000457763672,-20.743377685546875,-17.729673385620117,90.68888854980469,142.3457489013672,92.6736068725586,72.04338836669922,137.93331909179688,18.064010620117188,45.77227020263672,131.63763427734375,0.5309842228889465,23.559043884277344,131.70555114746094,2.153977155685425,-5.063017845153809,120.31459045410156,16.217105865478516,180.00000711006123,180.00000711006123,180.00000711006123,0.0,0.0,0.0,0.0,0.0,0.0,0.0,0.0,0.0,0.0,0.0,0.0,0.0,0.0,0.0,0.0,0.0,0.0,0.0,0.0,0.0,1.0
110223.0,5.776826858520508,59.88013254868747,-83.46899708499677,11.163157149389349,21.80112075805664,130.31385803222656,81.62690734863281,-8.948074340820312,-23.376768112182617,-18.810279846191406,90.62789154052734,142.01370239257812,92.46871185302734,71.99357604980469,137.69264221191406,17.864004135131836,45.748939514160156,131.37257385253906,0.3390079438686371,23.5250301361084,131.3932647705078,1.9593746662139893,-5.087451457977295,120.02618408203125,16.0225887298584,180.00000711006123,180.00000711006123,180.00000711006123,0.0,0.0,0.0,0.0,0.0,0.0,0.0,0.0,0.0,0.0,0.0,0.0,0.0,0.0,0.0,0.0,0.0,0.0,0.0,0.0,0.0,1.0
110224.0,5.7854249477386475,59.67498781457152,-83.48030787839434,11.055036961113274,21.764009475708008,130.05966186523438,81.37345123291016,-7.6185431480407715,-24.699079513549805,-21.36626625061035,90.5814208984375,141.6693878173828,92.23527526855469,71.95880889892578,137.40089416503906,17.614709854125977,45.73202133178711,131.07029724121094,0.09276076406240463,23.497703552246094,131.03762817382812,1.7057913541793823,-5.125758171081543,119.7325439453125,15.769428253173828,180.00000711006123,180.00000711006123,180.00000711006123,0.0,0.0,0.0,0.0,0.0,0.0,0.0,0.0,0.0,0.0,0.0,0.0,0.0,0.0,0.0,0.0,0.0,0.0,0.0,0.0,0.0,1.0
110225.0,5.794864892959595,59.40160948985067,-83.52650044829034,10.861599171371381,21.8289852142334,129.85076904296875,81.02815246582031,-3.5290727615356445,-24.220935821533203,-25.966379165649414,90.6634750366211,141.28195190429688,91.75828552246094,71.92147827148438,137.02943420410156,17.176305770874023,45.66014099121094,130.7144012451172,-0.2931879460811615,23.414676666259766,130.64920043945312,1.3534189462661743,-5.210319995880127,119.4401626586914,15.487983703613281,180.00000711006123,180.00000711006123,180.00000711006123,0.0,0.0,0.0,0.0,0.0,0.0,0.0,0.0,0.0,0.0,0.0,0.0,0.0,0.0,0.0,0.0,0.0,0.0,0.0,0.0,0.0,1.0
110226.0,5.803555011749268,59.55233810621394,-83.56386841367566,10.863453567752686,21.864192962646484,129.65621948242188,80.79608154296875,-1.4863570928573608,-23.510425567626953,-25.921558380126953,90.69881439208984,141.21151733398438,91.52767181396484,71.8819808959961,136.82427978515625,16.8892765045166,45.59581756591797,130.45849609375,-0.5525217056274414,23.341651916503906,130.31651306152344,1.1152477264404297,-5.2776594161987305,119.11200714111328,15.298530578613281,180.00000711006123,180.00000711006123,180.00000711006123,0.0,0.0,0.0,0.0,0.0,0.0,0.0,0.0,0.0,0.0,0.0,0.0,0.0,0.0,0.0,0.0,0.0,0.0,0.0,0.0,0.0,1.0
110227.0,5.81336784362793,59.55757003117924,-83.59899607698708,10.807282091362822,21.995573043823242,129.4661102294922,80.60758972167969,2.927274465560913,-22.787288665771484,-24.481088638305664,90.84496307373047,141.0419464111328,91.16435241699219,71.83747100830078,136.57424926757812,16.559059143066406,45.49419403076172,130.166259765625,-0.8077885508537292,23.228775024414062,129.952392578125,0.9210264682769775,-5.367714881896973,118.81748962402344,15.200094223022461,180.00000711006123,180.00000711006123,180.00000711006123,0.0,0.0,0.0,0.0,0.0,0.0,0.0,0.0,0.0,0.0,0.0,0.0,0.0,0.0,0.0,0.0,0.0,0.0,0.0,0.0,0.0,1.0
110228.0,5.821365833282471,59.69026694792319,-83.6445875902291,10.787266221766458,22.09325408935547,129.33689880371094,80.44589233398438,5.104037284851074,-20.474239349365234,-22.694541931152344,90.94613647460938,140.9959716796875,90.88506317138672,71.79922485351562,136.38272094726562,16.287485122680664,45.40087890625,129.9343719482422,-1.0224452018737793,23.140111923217773,129.6770477294922,0.753696084022522,-5.4482245445251465,118.56261444091797,15.115801811218262,180.00000711006123,180.00000711006123,180.00000711006123,0.0,0.0,0.0,0.0,0.0,0.0,0.0,0.0,0.0,0.0,0.0,0.0,0.0,0.0,0.0,0.0,0.0,0.0,0.0,0.0,0.0,1.0
110229.0,5.830402851104736,59.78241986128069,-83.68073295173872,10.765635866186187,22.17331314086914,129.240234375,80.32105255126953,6.134181022644043,-17.765058517456055,-20.230621337890625,91.0320816040039,140.9842987060547,90.68343353271484,71.76548767089844,136.22714233398438,16.071462631225586,45.31376266479492,129.75230407714844,-1.1925252676010132,23.055347442626953,129.46658325195312,0.6217586398124695,-5.511632919311523,118.37602233886719,15.052799224853516,180.00000711006123,180.00000711006123,180.00000711006123,0.0,0.0,0.0,0.0,0.0,0.0,0.0,0.0,0.0,0.0,0.0,0.0,0.0,0.0,0.0,0.0,0.0,0.0,0.0,0.0,0.0,1.0
110230.0,5.839489936828613,59.83484156377244,-83.68872427316091,10.774358871631762,22.245285034179688,129.12442016601562,80.20590209960938,6.638003349304199,-16.40030860900879,-18.166072845458984,91.10173034667969,140.97198486328125,90.51090240478516,71.73167419433594,136.10118103027344,15.878637313842773,45.24174499511719,129.60459899902344,-1.345784068107605,22.98459815979004,129.2925262451172,0.5009713768959045,-5.559344291687012,118.20530700683594,14.983845710754395,180.00000711006123,180.00000711006123,180.00000711006123,0.0,0.0,0.0,0.0,0.0,0.0,0.0,0.0,0.0,0.0,0.0,0.0,0.0,0.0,0.0,0.0,0.0,0.0,0.0,0.0,0.0,1.0
110231.0,5.848582029342651,59.814549071511465,-83.63735441981362,10.852038613969057,22.31687355041504,128.92098999023438,80.07258605957031,6.989047527313232,-18.076921463012695,-17.218488693237305,91.15196990966797,140.94171142578125,90.32139587402344,71.68952178955078,136.00523376464844,15.674869537353516,45.17119216918945,129.46722412109375,-1.514644742012024,22.919593811035156,129.10751342773438,0.364937424659729,-5.600582122802734,117.99054718017578,14.885126113891602,180.00000711006123,180.00000711006123,180.00000711006123,0.0,0.0,0.0,0.0,0.0,0.0,0.0,0.0,0.0,0.0,0.0,0.0,0.0,0.0,0.0,0.0,0.0,0.0,0.0,0.0,0.0,1.0
110232.0,5.8574628829956055,59.72977276254369,-83.58022671692879,10.911649090646165,22.374942779541016,128.7395477294922,79.95755004882812,6.831935405731201,-18.62316131591797,-15.977177619934082,91.19332122802734,140.87196350097656,90.14298248291016,71.65292358398438,135.9245147705078,15.502802848815918,45.100135803222656,129.35629272460938,-1.661386489868164,22.860387802124023,128.95639038085938,0.2481803297996521,-5.629733562469482,117.81280517578125,14.798335075378418,180.00000711006123,180.00000711006123,180.00000711006123,0.0,0.0,0.0,0.0,0.0,0.0,0.0,0.0,0.0,0.0,0.0,0.0,0.0,0.0,0.0,0.0,0.0,0.0,0.0,0.0,0.0,1.0
110233.0,5.866623878479004,59.636554339663235,-83.50119459712005,11.003665400218665,22.428817749023438,128.55145263671875,79.85798645019531,6.595993518829346,-19.237913131713867,-14.619294166564941,91.22083282470703,140.83319091796875,89.99897766113281,71.62317657470703,135.89100646972656,15.359755516052246,45.04347229003906,129.28237915039062,-1.786993145942688,22.809284210205078,128.84185791015625,0.14653454720973969,-5.639013290405273,117.65242767333984,14.715131759643555,180.00000711006123,180.00000711006123,180.00000711006123,0.0,0.0,0.0,0.0,0.0,0.0,0.0,0.0,0.0,0.0,0.0,0.0,0.0,0.0,0.0,0.0,0.0,0.0,0.0,0.0,0.0,1.0
110234.0,5.875779867172241,59.51880870718696,-83.43246923288916,11.067231410245029,22.471294403076172,128.39674377441406,79.77000427246094,6.0619282722473145,-18.619293212890625,-13.247840881347656,91.23527526855469,140.7666778564453,89.84994506835938,71.59765625,135.8584442138672,15.236183166503906,44.988006591796875,129.2172393798828,-1.8977102041244507,22.76209831237793,128.74354553222656,0.05811334401369095,-5.647080421447754,117.5322265625,14.639823913574219,180.00000711006123,180.00000711006123,180.00000711006123,0.0,0.0,0.0,0.0,0.0,0.0,0.0,0.0,0.0,0.0,0.0,0.0,0.0,0.0,0.0,0.0,0.0,0.0,0.0,0.0,0.0,1.0
110235.0,5.8846540451049805,59.360232203375745,-83.37809409627198,11.088807124311302,22.50642967224121,128.28001403808594,79.69607543945312,5.47619104385376,-17.088937759399414,-11.880634307861328,91.20298767089844,140.63702392578125,89.62344360351562,71.57505798339844,135.81375122070312,15.128939628601074,44.931427001953125,129.15020751953125,-1.9925322532653809,22.71480941772461,128.67141723632812,-0.01651013456285,-5.657896041870117,117.45543670654297,14.578214645385742,180.00000711006123,180.00000711006123,180.00000711006123,0.0,0.0,0.0,0.0,0.0,0.0,0.0,0.0,0.0,0.0,0.0,0.0,0.0,0.0,0.0,0.0,0.0,0.0,0.0,0.0,0.0,1.0
110236.0,5.893656969070435,59.254002269974535,-83.30975805282833,11.155345974208615,22.542312622070312,128.14942932128906,79.63359069824219,5.059323310852051,-16.35550308227539,-10.507782936096191,91.18242645263672,140.5614013671875,89.46604919433594,71.55665588378906,135.80955505371094,15.042007446289062,44.879547119140625,129.10247802734375,-2.07357120513916,22.679372787475586,128.61083984375,-0.07951317727565765,-5.651211738586426,117.36296844482422,14.521530151367188,180.00000711006123,180.00000711006123,180.00000711006123,0.0,0.0,0.0,0.0,0.0,0.0,0.0,0.0,0.0,0.0,0.0,0.0,0.0,0.0,0.0,0.0,0.0,0.0,0.0,0.0,0.0,1.0
110237.0,5.902791976928711,59.25437110019402,-83.26934382303762,11.221795177872025,22.564598083496094,128.06289672851562,79.59310913085938,4.341488361358643,-14.476550102233887,-8.840035438537598,91.14838409423828,140.53269958496094,89.35094451904297,71.5458755493164,135.82174682617188,14.989344596862793,44.84156036376953,129.0616912841797,-2.124974250793457,22.658838272094727,128.56185913085938,-0.11927823722362518,-5.640389919281006,117.2885513305664,14.48353385925293,180.00000711006123,180.00000711006123,180.00000711006123,0.0,0.0,0.0,0.0,0.0,0.0,0.0,0.0,0.0,0.0,0.0,0.0,0.0,0.0,0.0,0.0,0.0,0.0,0.0,0.0,0.0,1.0
110238.0,5.9118499755859375,59.298425820854845,-83.25467940671842,11.26505076639063,22.575332641601562,128.0209197998047,79.56944274902344,3.471019744873047,-11.762203216552734,-7.1227006912231445,91.1241455078125,140.53273010253906,89.28811645507812,71.54071807861328,135.83224487304688,14.96049976348877,44.80841827392578,129.02395629882812,-2.1555705070495605,22.64684295654297,128.52439880371094,-0.1413174271583557,-5.632350921630859,117.24369812011719,14.461498260498047,180.00000711006123,180.00000711006123,180.00000711006123,0.0,0.0,0.0,0.0,0.0,0.0,0.0,0.0,0.0,0.0,0.0,0.0,0.0,0.0,0.0,0.0,0.0,0.0,0.0,0.0,0.0,1.0
110239.0,5.92087197303772,59.32703065343276,-83.23876506576653,11.303697684712972,22.588043212890625,127.98172760009766,79.54716491699219,2.9045703411102295,-9.724281311035156,-5.844316482543945,91.09922790527344,140.5213623046875,89.2142105102539,71.53591918945312,135.8438720703125,14.931660652160645,44.768245697021484,128.99305725097656,-2.1877126693725586,22.637481689453125,128.49188232421875,-0.1621462106704712,-5.629283905029297,117.2114486694336,14.441291809082031,180.00000711006123,180.00000711006123,180.00000711006123,0.0,0.0,0.0,0.0,0.0,0.0,0.0,0.0,0.0,0.0,0.0,0.0,0.0,0.0,0.0,0.0,0.0,0.0,0.0,0.0,0.0,1.0
110240.0,5.930006980895996,59.37504688385843,-83.23526117868141,11.330532644501545,22.594867706298828,127.96047973632812,79.53491973876953,2.310026168823242,-7.68519401550293,-4.602705478668213,91.05543518066406,140.4980010986328,89.11779022216797,71.5244369506836,135.8479766845703,14.910154342651367,44.730690002441406,128.95150756835938,-2.2071945667266846,22.62216567993164,128.45516967773438,-0.17237678170204163,-5.6265549659729,117.17913055419922,14.433324813842773,180.00000711006123,180.00000711006123,180.00000711006123,0.0,0.0,0.0,0.0,0.0,0.0,0.0,0.0,0.0,0.0,0.0,0.0,0.0,0.0,0.0,0.0,0.0,0.0,0.0,0.0,0.0,1.0
110241.0,5.939371824264526,59.44683900306245,-83.24685200983822,11.34301396158179,22.600582122802734,127.96125030517578,79.52704620361328,1.8475078344345093,-5.543356895446777,-3.5741312503814697,91.05260467529297,140.51304626464844,89.0972900390625,71.51811981201172,135.84866333007812,14.894566535949707,44.69535446166992,128.9126739501953,-2.22263503074646,22.609725952148438,128.4219970703125,-0.1785726100206375,-5.621592998504639,117.15803527832031,14.430344581604004,180.00000711006123,180.00000711006123,180.00000711006123,0.0,0.0,0.0,0.0,0.0,0.0,0.0,0.0,0.0,0.0,0.0,0.0,0.0,0.0,0.0,0.0,0.0,0.0,0.0,0.0,0.0,1.0
110242.0,5.947991847991943,59.553984181823125,-83.26371574709583,11.362392916030615,22.606792449951172,127.96595001220703,79.51664733886719,1.531348705291748,-3.8824212551116943,-2.9133355617523193,91.06629180908203,140.56985473632812,89.12200164794922,71.50975036621094,135.8543701171875,14.87508487701416,44.65802764892578,128.86695861816406,-2.240924596786499,22.59881591796875,128.3777313232422,-0.18689411878585815,-5.614704132080078,117.1324691772461,14.4253568649292,180.00000711006123,180.00000711006123,180.00000711006123,0.0,0.0,0.0,0.0,0.0,0.0,0.0,0.0,0.0,0.0,0.0,0.0,0.0,0.0,0.0,0.0,0.0,0.0,0.0,0.0,0.0,1.0
110243.0,5.957047939300537,59.658096756556915,-83.28225971090887,11.37769083240272,22.611125946044922,127.97068786621094,79.50208282470703,1.240441918373108,-2.6656556129455566,-2.5524258613586426,91.09038543701172,140.62875366210938,89.15560913085938,71.48970031738281,135.84283447265625,14.844618797302246,44.61236572265625,128.81283569335938,-2.264425754547119,22.58011245727539,128.3310546875,-0.19937385618686676,-5.614131450653076,117.10333251953125,14.419574737548828,180.00000711006123,180.00000711006123,180.00000711006123,0.0,0.0,0.0,0.0,0.0,0.0,0.0,0.0,0.0,0.0,0.0,0.0,0.0,0.0,0.0,0.0,0.0,0.0,0.0,0.0,0.0,1.0
110244.0,5.967875957489014,59.95870021562723,-83.15396143604175,11.728039413552551,22.64764404296875,127.69532012939453,79.44978332519531,2.0102217197418213,-10.319458961486816,-3.4403316974639893,91.0611572265625,140.76979064941406,89.09264373779297,71.40699005126953,135.9489288330078,14.759561538696289,44.54325485229492,128.75518798828125,-2.333672285079956,22.537622451782227,128.18190002441406,-0.24719102680683136,-5.566051006317139,116.7939682006836,14.36989974975586,180.00000711006123,180.00000711006123,180.00000711006123,0.0,0.0,0.0,0.0,0.0,0.0,0.0,0.0,0.0,0.0,0.0,0.0,0.0,0.0,0.0,0.0,0.0,0.0,0.0,0.0,0.0,1.0
110245.0,5.976959943771362,60.06699286618186,-83.15911822892531,11.769224600954828,22.630849838256836,127.65743255615234,79.4073257446289,0.945582926273346,-8.639802932739258,-3.7901723384857178,91.03508758544922,140.7820281982422,89.03975677490234,71.36087799072266,135.90403747558594,14.702324867248535,44.485984802246094,128.6513671875,-2.3796634674072266,22.500022888183594,128.10015869140625,-0.2840271294116974,-5.577064037322998,116.73587036132812,14.333027839660645,180.00000711006123,180.00000711006123,180.00000711006123,0.0,0.0,0.0,0.0,0.0,0.0,0.0,0.0,0.0,0.0,0.0,0.0,0.0,0.0,0.0,0.0,0.0,0.0,0.0,0.0,0.0,1.0
110246.0,5.9847190380096436,60.20042061317554,-83.1252678110036,11.888506172238635,22.61426544189453,127.55458068847656,79.36363983154297,0.17970049381256104,-9.401314735412598,-4.0804266929626465,90.9935531616211,140.81903076171875,88.98001098632812,71.2816390991211,135.87574768066406,14.633882522583008,44.426422119140625,128.5583038330078,-2.4264633655548096,22.453022003173828,127.99317932128906,-0.3194362223148346,-5.588200092315674,116.62933349609375,14.293896675109863,180.00000711006123,180.00000711006123,180.00000711006123,0.0,0.0,0.0,0.0,0.0,0.0,0.0,0.0,0.0,0.0,0.0,0.0,0.0,0.0,0.0,0.0,0.0,0.0,0.0,0.0,0.0,1.0
110247.0,5.991821050643921,60.25958371245679,-83.088357468298,11.97894385432079,22.60295295715332,127.46195983886719,79.32994079589844,-0.21470370888710022,-9.630504608154297,-3.9819586277008057,90.96326446533203,140.8280029296875,88.91178131103516,71.20027923583984,135.81398010253906,14.566377639770508,44.36095428466797,128.491455078125,-2.468529224395752,22.39268684387207,127.91291046142578,-0.34625717997550964,-5.604593276977539,116.53443145751953,14.270964622497559,180.00000711006123,180.00000711006123,180.00000711006123,0.0,0.0,0.0,0.0,0.0,0.0,0.0,0.0,0.0,0.0,0.0,0.0,0.0,0.0,0.0,0.0,0.0,0.0,0.0,0.0,0.0,1.0
110248.0,5.99917197227478,60.22399159627639,-83.01283606576362,12.09032204286899,22.5789737701416,127.32782745361328,79.30875396728516,-0.886192798614502,-11.058183670043945,-3.5276219844818115,90.87803649902344,140.7494354248047,88.747314453125,71.09683227539062,135.79454040527344,14.510395050048828,44.26887512207031,128.4327392578125,-2.5007901191711426,22.306489944458008,127.83366394042969,-0.3567129373550415,-5.6359028816223145,116.42838287353516,14.260587692260742,180.00000711006123,180.00000711006123,180.00000711006123,0.0,0.0,0.0,0.0,0.0,0.0,0.0,0.0,0.0,0.0,0.0,0.0,0.0,0.0,0.0,0.0,0.0,0.0,0.0,0.0,0.0,1.0
110249.0,6.008378028869629,60.016749994060774,-82.86466877036901,12.241699527210983,22.53499984741211,127.10318756103516,79.27460479736328,-1.9841182231903076,-14.872374534606934,-3.6000349521636963,90.67887115478516,140.473388671875,88.33558654785156,70.94283294677734,135.7891082763672,14.432229042053223,44.13404083251953,128.36239624023438,-2.547762155532837,22.170284271240234,127.7576904296875,-0.3781450688838959,-5.698599338531494,116.30216217041016,14.237076759338379,180.00000711006123,180.00000711006123,180.00000711006123,0.0,0.0,0.0,0.0,0.0,0.0,0.0,0.0,0.0,0.0,0.0,0.0,0.0,0.0,0.0,0.0,0.0,0.0,0.0,0.0,0.0,1.0
110250.0,6.017362833023071,60.007542898952124,-82.77267295136426,12.391840747298772,22.493682861328125,126.93582153320312,79.22923278808594,-2.6935698986053467,-15.854022979736328,-3.985614538192749,90.53797912597656,140.3712615966797,88.09856414794922,70.81757354736328,135.74322509765625,14.35639762878418,44.036537170410156,128.31507873535156,-2.600911855697632,22.080629348754883,127.6425552368164,-0.40726912021636963,-5.7105913162231445,116.1949462890625,14.196983337402344,180.00000711006123,180.00000711006123,180.00000711006123,0.0,0.0,0.0,0.0,0.0,0.0,0.0,0.0,0.0,0.0,0.0,0.0,0.0,0.0,0.0,0.0,0.0,0.0,0.0,0.0,0.0,1.0
110251.0,6.026487827301025,60.02052708871588,-82.69327883152528,12.531484820283367,22.42111587524414,126.79440307617188,79.13774108886719,-4.167919635772705,-15.815338134765625,-5.682739734649658,90.42169952392578,140.35829162597656,87.98224639892578,70.70112609863281,135.70144653320312,14.260976791381836,43.94621276855469,128.2859649658203,-2.690469741821289,21.997684478759766,127.54756164550781,-0.48332107067108154,-5.732161045074463,116.11192321777344,14.098078727722168,180.00000711006123,180.00000711006123,180.00000711006123,0.0,0.0,0.0,0.0,0.0,0.0,0.0,0.0,0.0,0.0,0.0,0.0,0.0,0.0,0.0,0.0,0.0,0.0,0.0,0.0,0.0,1.0
110252.0,6.035472869873047,59.99748886037651,-82.61643237227645,12.6490947027483,22.383262634277344,126.62545776367188,78.94219970703125,-4.169553756713867,-16.59284019470215,-10.070995330810547,90.33036041259766,140.26211547851562,87.67529296875,70.58129119873047,135.59201049804688,14.030549049377441,43.841400146484375,128.20433044433594,-2.8973469734191895,21.908449172973633,127.4281997680664,-0.6654338240623474,-5.779456615447998,115.98090362548828,13.91417121887207,180.00000711006123,180.00000711006123,180.00000711006123,0.0,0.0,0.0,0.0,0.0,0.0,0.0,0.0,0.0,0.0,0.0,0.0,0.0,0.0,0.0,0.0,0.0,0.0,0.0,0.0,0.0,1.0
110253.0,6.044376850128174,59.994879728083106,-82.55491968789329,12.750896965968366,22.343711853027344,126.4909439086914,78.77373504638672,-4.230302333831787,-16.136707305908203,-12.44269847869873,90.25772094726562,140.20077514648438,87.42784118652344,70.46197509765625,135.52093505859375,13.825865745544434,43.737422943115234,128.12655639648438,-3.076508045196533,21.815757751464844,127.33363342285156,-0.823347270488739,-5.831333160400391,115.87596130371094,13.759458541870117,180.00000711006123,180.00000711006123,180.00000711006123,0.0,0.0,0.0,0.0,0.0,0.0,0.0,0.0,0.0,0.0,0.0,0.0,0.0,0.0,0.0,0.0,0.0,0.0,0.0,0.0,0.0,1.0
110254.0,6.053491830825806,60.06372120553124,-82.5387457997499,12.812342202232685,22.301008224487305,126.39913940429688,78.59544372558594,-4.3675432205200195,-14.492376327514648,-14.452831268310547,90.18572998046875,140.1255645751953,87.13880157470703,70.35176849365234,135.434814453125,13.60721492767334,43.623470306396484,127.99685668945312,-3.267725944519043,21.72105598449707,127.21279907226562,-0.990325391292572,-5.899542331695557,115.76614379882812,13.60405158996582,180.00000711006123,180.00000711006123,180.00000711006123,0.0,0.0,0.0,0.0,0.0,0.0,0.0,0.0,0.0,0.0,0.0,0.0,0.0,0.0,0.0,0.0,0.0,0.0,0.0,0.0,0.0,1.0
110255.0,6.06293797492981,59.09957852122716,-81.81343434294149,13.515955855341986,22.18132972717285,125.37003326416016,78.29649353027344,-6.813470840454102,-41.878440856933594,-19.586503982543945,89.90199279785156,139.79722595214844,86.87459564208984,70.00463104248047,135.57960510253906,13.338854789733887,43.34461975097656,128.05747985839844,-3.5657479763031006,21.47820281982422,127.08264923095703,-1.2587639093399048,-5.988292217254639,115.24598693847656,13.226393699645996,180.00000711006123,180.00000711006123,180.00000711006123,0.0,0.0,0.0,0.0,0.0,0.0,0.0,0.0,0.0,0.0,0.0,0.0,0.0,0.0,0.0,0.0,0.0,0.0,0.0,0.0,0.0,1.0
110256.0,6.071593999862671,59.15530603531579,-81.77812909470958,13.601765230433784,21.98082160949707,125.1927719116211,78.08985137939453,-11.042862892150879,-35.71598434448242,-20.475534439086914,89.66122436523438,139.66041564941406,86.66141510009766,69.8249740600586,135.3351287841797,13.162128448486328,43.186161041259766,127.87171173095703,-3.753451347351074,21.347564697265625,126.92215728759766,-1.4493156671524048,-6.115808963775635,115.12805938720703,12.99674129486084,180.00000711006123,180.00000711006123,180.00000711006123,0.0,0.0,0.0,0.0,0.0,0.0,0.0,0.0,0.0,0.0,0.0,0.0,0.0,0.0,0.0,0.0,0.0,0.0,0.0,0.0,0.0,1.0
110257.0,6.080520868301392,59.20795313405279,-81.7777192833546,13.629801449756656,21.838109970092773,125.10659790039062,77.95346069335938,-12.346404075622559,-28.488563537597656,-18.98387336730957,89.49869537353516,139.54962158203125,86.51097106933594,69.69518280029297,135.11668395996094,13.039834022521973,43.07618713378906,127.71389770507812,-3.875586986541748,21.257484436035156,126.82117462158203,-1.5747437477111816,-6.202887535095215,115.05384826660156,12.848429679870605,180.00000711006123,180.00000711006123,180.00000711006123,0.0,0.0,0.0,0.0,0.0,0.0,0.0,0.0,0.0,0.0,0.0,0.0,0.0,0.0,0.0,0.0,0.0,0.0,0.0,0.0,0.0,1.0
110258.0,6.08972692489624,59.307653406531244,-81.88803366992715,13.502664307061991,21.749834060668945,125.18790435791016,77.84956359863281,-11.637147903442383,-18.161937713623047,-16.922504425048828,89.44085693359375,139.4470672607422,86.3442611694336,69.61461639404297,134.89405822753906,12.909425735473633,42.97969436645508,127.53609466552734,-3.9841113090515137,21.18802261352539,126.71361541748047,-1.666797399520874,-6.291975021362305,115.07240295410156,12.767830848693848,180.00000711006123,180.00000711006123,180.00000711006123,0.0,0.0,0.0,0.0,0.0,0.0,0.0,0.0,0.0,0.0,0.0,0.0,0.0,0.0,0.0,0.0,0.0,0.0,0.0,0.0,0.0,1.0
110259.0,6.098772048950195,59.33540446545294,-81.8749675178924,13.538280328904762,21.7415828704834,125.15020751953125,77.81414794921875,-8.69078540802002,-14.32068920135498,-13.352294921875,89.43437957763672,139.4012908935547,86.24308776855469,69.55529022216797,134.81793212890625,12.841198921203613,42.912052154541016,127.45772552490234,-4.030856609344482,21.13990020751953,126.64327239990234,-1.6881405115127563,-6.3202643394470215,115.021728515625,12.752996444702148,180.00000711006123,180.00000711006123,180.00000711006123,0.0,0.0,0.0,0.0,0.0,0.0,0.0,0.0,0.0,0.0,0.0,0.0,0.0,0.0,0.0,0.0,0.0,0.0,0.0,0.0,0.0,1.0
110260.0,6.107601881027222,59.39795533860206,-81.87744687659006,13.566750265244991,21.720951080322266,125.13191223144531,77.77430725097656,-6.909461975097656,-10.907302856445312,-10.863576889038086,89.40896606445312,139.33767700195312,86.10975646972656,69.49773406982422,134.74505615234375,12.775047302246094,42.84968566894531,127.38313293457031,-4.078071594238281,21.087377548217773,126.57972717285156,-1.716567039489746,-6.352717876434326,114.97560119628906,12.732730865478516,180.00000711006123,180.00000711006123,180.00000711006123,0.0,0.0,0.0,0.0,0.0,0.0,0.0,0.0,0.0,0.0,0.0,0.0,0.0,0.0,0.0,0.0,0.0,0.0,0.0,0.0,0.0,1.0
110261.0,6.116883993148804,59.56670882439539,-81.95035231664178,13.535370668284372,21.662628173828125,125.20860290527344,77.72761535644531,-6.7912092208862305,-5.5719757080078125,-9.304454803466797,89.38581085205078,139.34637451171875,86.04975891113281,69.435546875,134.68434143066406,12.710084915161133,42.785675048828125,127.2989730834961,-4.126097679138184,21.03069305419922,126.5174331665039,-1.7523361444473267,-6.408175945281982,114.9912109375,12.704726219177246,180.00000711006123,180.00000711006123,180.00000711006123,0.0,0.0,0.0,0.0,0.0,0.0,0.0,0.0,0.0,0.0,0.0,0.0,0.0,0.0,0.0,0.0,0.0,0.0,0.0,0.0,0.0,1.0
110262.0,6.1258769035339355,59.622333885645276,-81.95777673235625,13.552192570632826,21.652175903320312,125.21210479736328,77.70975494384766,-5.243533134460449,-3.933842897415161,-7.292096138000488,89.3887939453125,139.26956176757812,85.94969940185547,69.39623260498047,134.65353393554688,12.670907020568848,42.748897552490234,127.23753356933594,-4.147506237030029,20.99823570251465,126.46516418457031,-1.758271336555481,-6.428246974945068,114.9799575805664,12.702998161315918,180.00000711006123,180.00000711006123,180.00000711006123,0.0,0.0,0.0,0.0,0.0,0.0,0.0,0.0,0.0,0.0,0.0,0.0,0.0,0.0,0.0,0.0,0.0,0.0,0.0,0.0,0.0,1.0
